-------------------------------------------------------------
----------------------- !PROPERTIES! ------------------------
-------------------------------------------------------------
# -----------------------------------------------------------
$ PAL_Flags
   description: The PAL Flags
   geom. index: 1
   prop. index: 1
        Diskflag:     2
# -----------------------------------------------------------
$ SCF_Energy
   description: The SCF energy
   geom. index: 1
   prop. index: 1
        SCF Energy:     -648.6266312683
# -----------------------------------------------------------
$ DFT_Energy
   description: The DFT energy
   geom. index: 1
   prop. index: 1
   Number of Alpha Electrons                 45.9999992272 
   Number of Beta  Electrons                 45.9999992272 
   Total number of  Electrons                91.9999984544 
   Exchange energy                          -60.4526750950 
   Correlation energy                        -3.0884027020 
   Correlation energy NL                      0.0000000000 
   Exchange-Correlation energy              -63.5410777970 
   Embedding correction                       0.0000000000 
   Total DFT Energy (No VdW correction)    -648.6266312683 
# -----------------------------------------------------------
$ Mayer_Pop
   description: The Mayer population analysis
   geom. index: 1
   prop. index: 1
     Number of atoms                     : 23
     Threshold for printing              : 0.1000000
     Number of bond orders printed       : 22
  NA   - Mulliken gross atomic population
  ZA   - Total nuclear charge
  QA   - Mulliken gross atomic charge
  VA   - Mayer's total valence
  BVA  - Mayer's bonded valence
  FA   - Mayer's free valence
  ATOM       NA         ZA         QA         VA         BVA        FA
  0   0     5.2106     6.0000     0.7894     3.8357     3.8357    -0.0000
  1   0     6.1465     6.0000    -0.1465     4.0294     4.0294    -0.0000
  2   0     6.0978     6.0000    -0.0978     3.9581     3.9581    -0.0000
  3   0     0.9681     1.0000     0.0319     1.0308     1.0308    -0.0000
  4   0     0.9687     1.0000     0.0313     1.0303     1.0303    -0.0000
  5   0     0.9589     1.0000     0.0411     1.0199     1.0199     0.0000
  6   0     0.9601     1.0000     0.0399     1.0208     1.0208     0.0000
  7   0     0.9652     1.0000     0.0348     1.0171     1.0171    -0.0000
  8   0     9.2452     9.0000    -0.2452     1.0040     1.0040    -0.0000
  9   0     9.2406     9.0000    -0.2406     1.0159     1.0159    -0.0000
 10   0     9.2464     9.0000    -0.2464     1.0032     1.0032     0.0000
 11   0     0.9821     1.0000     0.0179     1.0301     1.0301     0.0000
 12   0     6.0220     6.0000    -0.0220     3.8801     3.8801     0.0000
 13   0     6.0144     6.0000    -0.0144     3.8702     3.8702    -0.0000
 14   0     0.9823     1.0000     0.0177     1.0313     1.0313    -0.0000
 15   0     6.0162     6.0000    -0.0162     3.8801     3.8801     0.0000
 16   0     0.9819     1.0000     0.0181     1.0312     1.0312    -0.0000
 17   0     6.0167     6.0000    -0.0167     3.8751     3.8751    -0.0000
 18   0     0.9819     1.0000     0.0181     1.0296     1.0296     0.0000
 19   0     6.0143     6.0000    -0.0143     3.8740     3.8740    -0.0000
 20   0     0.9812     1.0000     0.0188     1.0290     1.0290    -0.0000
 21   0     6.0174     6.0000    -0.0174     3.8763     3.8763     0.0000
 22   0     0.9815     1.0000     0.0185     1.0286     1.0286    -0.0000
      Bond orders larger than 0.1000000
           Atom A     A.N. of A          Atom B    A.N. of B              Bond order
                0             6               1            6                0.929483
                0             6               8            9                0.972386
                0             6               9            9                0.985645
                0             6              10            9                0.980273
                1             6               2            6                0.994757
                1             6               3            1                1.024743
                1             6               4            1                1.025349
                2             6               5            1                0.999187
                2             6               6            1                0.999376
                2             6               7            1                0.995908
               11             1              12            6                1.025921
               12             6              13            6                1.391951
               12             6              21            6                1.426752
               13             6              14            1                1.025828
               13             6              15            6                1.427182
               15             6              16            1                1.024723
               15             6              17            6                1.391656
               17             6              18            1                1.025893
               17             6              19            6                1.426124
               19             6              20            1                1.024327
               19             6              21            6                1.395800
               21             6              22            1                1.025159
# -----------------------------------------------------------
$ Calculation_Info
   description: Details of the calculation
   geom. index: 1
   prop. index: 1
     Multiplicity:                          1
     Charge:                                0
     number of atoms:                       23
     number of electrons:                   0
     number of frozen core electrons:       1
     number of correlated electrons:        0
     number of basis functions:             586
     number of aux C basis functions:       0
     number of aux J basis functions:       0
     number of aux JK basis functions:      2932
     number of aux CABS basis functions:    0
     Total Energy                           -648.626631
# -----------------------------------------------------------
$ SCF_Electric_Properties
   description: The SCF Calculated Electric Properties
   geom. index: 1
   prop. index: 1
       Filename                          : run_all_displaced_distances_job2.scfp 
       Do Dipole Moment Calculation      : true 
       Do Quadrupole Moment Calculation  : false 
       Do Polarizability Calculation     : false 
** Dipole moment part of electric properties **
        Magnitude of dipole moment (Debye) :        1.4964281254
        Electronic Contribution:
                  0    
      0      -2.180546
      1      -0.615441
      2      -2.934422
        Nuclear Contribution:
                  0    
      0       2.203118
      1       1.151794
      2       3.176118
        Total Dipole moment:
                  0    
      0       0.022573
      1       0.536353
      2       0.241696
# -----------------------------------------------------------
$ EPRNMR_OrbitalShielding
   description: Orbital contribution to the NMR Shielding tensor (ppm)
   geom. index: 1
   prop. index: 1
 Number of stored nuclei 23
 Source density: 1 SCF 
 Nucleus: 3 H  
 Shielding tensor (ppm): 
                  0          1          2    
      0      32.772057  -2.188290   0.733686
      1      -3.828513  30.284490   2.310699
      2      -0.087082   2.087341  27.610913
 P Tensor eigenvectors:
                   0          1          2    
      0      -0.281861   0.519105  -0.806898
      1      -0.578781   0.578752   0.574508
      2       0.765224   0.628948   0.137321
 P Eigenvalues: 
                  0          1          2    
      0      25.847660  29.901584  34.918215
P(iso)  30.222486
 Nucleus: 4 H  
 Shielding tensor (ppm): 
                  0          1          2    
      0      26.131499   0.686930   0.398335
      1       1.115664  33.599956  -3.180918
      2       0.712648  -1.472855  31.071918
 P Tensor eigenvectors:
                   0          1          2    
      0       0.968816   0.240787  -0.058453
      1      -0.172661   0.486845  -0.856253
      2      -0.177717   0.839645   0.513238
 P Eigenvalues: 
                  0          1          2    
      0      25.874567  29.918241  35.010566
P(iso)  30.267791
 Nucleus: 5 H  
 Shielding tensor (ppm): 
                  0          1          2    
      0      26.696533   1.536020  -0.140301
      1       2.446716  30.265501  -0.200204
      2      -0.583657  -1.972441  35.375069
 P Tensor eigenvectors:
                   0          1          2    
      0       0.908787   0.406554  -0.093914
      1      -0.416970   0.876471  -0.240696
      2      -0.015544   0.257901   0.966046
 P Eigenvalues: 
                  0          1          2    
      0      25.806084  30.867613  35.663406
P(iso)  30.779034
 Nucleus: 6 H  
 Shielding tensor (ppm): 
                  0          1          2    
      0      35.475965  -0.316775   0.279726
      1       0.859009  28.442402   3.174199
      2       1.566567   2.088471  28.546938
 P Tensor eigenvectors:
                   0          1          2    
      0       0.047685   0.170776  -0.984155
      1       0.714075  -0.694771  -0.085962
      2      -0.698443  -0.698662  -0.155077
 P Eigenvalues: 
                  0          1          2    
      0      25.841654  30.968487  35.655165
P(iso)  30.821768
 Nucleus: 7 H  
 Shielding tensor (ppm): 
                  0          1          2    
      0      26.925878   1.054867   1.464409
      1       0.891046  35.673923   5.065758
      2       1.407128   5.194122  30.140423
 P Tensor eigenvectors:
                   0          1          2    
      0      -0.780793   0.611354   0.128872
      1      -0.232961  -0.476258   0.847884
      2       0.579734   0.632000   0.514281
 P Eigenvalues: 
                  0          1          2    
      0      26.149514  27.648834  38.941877
P(iso)  30.913408
 Nucleus: 11 H  
 Shielding tensor (ppm): 
                  0          1          2    
      0      26.313549   0.047183  -0.446910
      1       0.185556  22.824836  -1.209864
      2      -0.449652  -1.383481  22.059034
 P Tensor eigenvectors:
                   0          1          2    
      0       0.056493  -0.136497  -0.989028
      1       0.590135   0.803605  -0.077199
      2       0.805326  -0.579299   0.125950
 P Eigenvalues: 
                  0          1          2    
      0      21.073791  23.743694  26.379935
P(iso)  23.732473
 Nucleus: 14 H  
 Shielding tensor (ppm): 
                  0          1          2    
      0      24.096659   0.698790   2.101231
      1       0.482964  22.664965  -1.380496
      2       2.049804  -1.400622  24.339361
 P Tensor eigenvectors:
                   0          1          2    
      0      -0.504743   0.589030   0.631093
      1       0.643827   0.743855  -0.179348
      2       0.575084  -0.315790   0.754689
 P Eigenvalues: 
                  0          1          2    
      0      20.964798  23.727623  26.408564
P(iso)  23.700328
 Nucleus: 16 H  
 Shielding tensor (ppm): 
                  0          1          2    
      0      23.205495   1.685143  -0.705693
      1       1.497202  22.064010  -0.852427
      2      -0.764702  -0.851592  25.824642
 P Tensor eigenvectors:
                   0          1          2    
      0       0.560318   0.749086  -0.353432
      1      -0.826126   0.474691  -0.303619
      2      -0.059666   0.462102   0.884817
 P Eigenvalues: 
                  0          1          2    
      0      20.927853  23.756394  26.409901
P(iso)  23.698049
 Nucleus: 18 H  
 Shielding tensor (ppm): 
                  0          1          2    
      0      26.380992   0.468482  -0.414499
      1       0.491134  21.091963   0.502719
      2      -0.393242   0.709150  23.719087
 P Tensor eigenvectors:
                   0          1          2    
      0      -0.101195   0.108850  -0.988894
      1       0.969018   0.235894  -0.073196
      2      -0.225307   0.965663   0.129349
 P Eigenvalues: 
                  0          1          2    
      0      20.902387  23.820230  26.469425
P(iso)  23.730681
 Nucleus: 20 H  
 Shielding tensor (ppm): 
                  0          1          2    
      0      24.342795  -1.324988   1.317886
      1      -1.244816  21.426725  -0.346659
      2       1.306390  -0.151560  25.354491
 P Tensor eigenvectors:
                   0          1          2    
      0       0.371847  -0.706030   0.602703
      1       0.926370   0.324007  -0.191984
      2      -0.059734   0.629715   0.774526
 P Eigenvalues: 
                  0          1          2    
      0      20.928009  23.757309  26.438693
P(iso)  23.708004
 Nucleus: 22 H  
 Shielding tensor (ppm): 
                  0          1          2    
      0      23.540665  -0.709710  -1.537245
      1      -0.672149  22.477098  -1.536170
      2      -1.481569  -1.682057  25.183740
 P Tensor eigenvectors:
                   0          1          2    
      0       0.483030   0.783257  -0.391397
      1       0.742635  -0.603279  -0.290773
      2       0.463871   0.150213   0.873075
 P Eigenvalues: 
                  0          1          2    
      0      21.026917  23.780075  26.394511
P(iso)  23.733834
 Nucleus: 0 C  
 Shielding tensor (ppm): 
                  0          1          2    
      0      49.889315  -1.041990   4.653765
      1      -1.565426  50.473249  -0.178494
      2       4.324619   0.193415  51.860414
 P Tensor eigenvectors:
                   0          1          2    
      0      -0.771235  -0.080609   0.631426
      1      -0.228711   0.960801  -0.156695
      2       0.594043   0.265262   0.759440
 P Eigenvalues: 
                  0          1          2    
      0      46.040065  50.580826  55.602087
P(iso)  50.740992
 Nucleus: 1 C  
 Shielding tensor (ppm): 
                  0          1          2    
      0     133.351218   0.175970   1.951384
      1      -2.227472 166.150717  10.850711
      2       0.379233  14.529177 138.864959
 P Tensor eigenvectors:
                   0          1          2    
      0      -0.768584   0.639477  -0.018623
      1      -0.243494  -0.265486   0.932860
      2       0.591598   0.721516   0.359757
 P Eigenvalues: 
                  0          1          2    
      0     132.125990 135.095433 171.145471
P(iso)  146.122298
 Nucleus: 2 C  
 Shielding tensor (ppm): 
                  0          1          2    
      0     173.613456   1.272691  11.492095
      1      -0.475462 171.344463   1.750986
      2      10.723630   3.649480 181.025700
 P Tensor eigenvectors:
                   0          1          2    
      0       0.779887   0.253248   0.572400
      1       0.213283  -0.967286   0.137363
      2      -0.588462  -0.014956   0.808387
 P Eigenvalues: 
                  0          1          2    
      0     165.336269 171.290841 189.356510
P(iso)  175.327873
 Nucleus: 12 C  
 Shielding tensor (ppm): 
                  0          1          2    
      0      26.099241  -3.432734 -16.889156
      1      -4.988702 158.135811  65.826496
      2     -17.247659  69.206987 -50.021016
 P Tensor eigenvectors:
                   0          1          2    
      0       0.986891  -0.148352  -0.063549
      1       0.100855   0.259497   0.960463
      2      -0.125996  -0.954281   0.271057
 P Eigenvalues: 
                  0          1          2    
      0      27.924467 -72.276028 178.565598
P(iso)  44.738012
 Nucleus: 13 C  
 Shielding tensor (ppm): 
                  0          1          2    
      0     -35.266460 -20.428726  44.188862
      1     -17.142304 160.717233  54.420686
      2      45.241645  56.166283   7.809761
 P Tensor eigenvectors:
                   0          1          2    
      0      -0.610705   0.791842   0.005088
      1       0.229772   0.183353  -0.955817
      2      -0.757789  -0.582553  -0.293917
 P Eigenvalues: 
                  0          1          2    
      0      27.220768 -72.579432 178.619199
P(iso)  44.420178
 Nucleus: 15 C  
 Shielding tensor (ppm): 
                  0          1          2    
      0     -59.751658   4.228543 -33.935898
      1       7.909236 162.343464  49.622820
      2     -32.673594  48.647971  30.171463
 P Tensor eigenvectors:
                   0          1          2    
      0      -0.360523   0.932747  -0.002352
      1      -0.302570  -0.114563   0.946217
      2       0.882312   0.341844   0.323524
 P Eigenvalues: 
                  0          1          2    
      0      26.861315 -72.712841 178.614795
P(iso)  44.254423
 Nucleus: 17 C  
 Shielding tensor (ppm): 
                  0          1          2    
      0      26.836800  -2.542651 -15.048237
      1      -2.653241 149.265667  81.465128
      2     -15.021332  77.518120 -40.929593
 P Tensor eigenvectors:
                   0          1          2    
      0       0.989462  -0.136204  -0.049129
      1       0.094588   0.351133   0.931536
      2      -0.109628  -0.926366   0.360316
 P Eigenvalues: 
                  0          1          2    
      0      28.244583 -71.481646 178.409936
P(iso)  45.057625
 Nucleus: 19 C  
 Shielding tensor (ppm): 
                  0          1          2    
      0     -32.214105 -28.360311  42.282583
      1     -30.871371 154.169462  63.529140
      2      41.380108  61.469550  11.537812
 P Tensor eigenvectors:
                   0          1          2    
      0      -0.628498   0.773890  -0.078006
      1       0.221948   0.274556   0.935606
      2      -0.745473  -0.570713   0.344321
 P Eigenvalues: 
                  0          1          2    
      0      28.060515 -73.036662 178.469316
P(iso)  44.497723
 Nucleus: 21 C  
 Shielding tensor (ppm): 
                  0          1          2    
      0     -56.175303  -3.453438 -38.230733
      1      -6.949089 164.174346  43.768785
      2     -39.522793  45.376177  27.747172
 P Tensor eigenvectors:
                   0          1          2    
      0      -0.378919   0.921224  -0.088127
      1      -0.303052  -0.033544   0.952384
      2       0.874403   0.387583   0.291889
 P Eigenvalues: 
                  0          1          2    
      0      29.172040 -71.919975 178.494150
P(iso)  45.248738
 Nucleus: 8 F  
 Shielding tensor (ppm): 
                  0          1          2    
      0     293.038832  21.796336 -24.898613
      1       1.455965 199.778347 -32.070733
      2     -15.425708 -42.179205 253.517369
 P Tensor eigenvectors:
                   0          1          2    
      0       0.024026  -0.558645   0.829059
      1      -0.886002   0.372225   0.276492
      2      -0.463058  -0.741191  -0.486018
 P Eigenvalues: 
                  0          1          2    
      0     180.846143 257.358661 308.129744
P(iso)  248.778182
 Nucleus: 9 F  
 Shielding tensor (ppm): 
                  0          1          2    
      0     285.103115  -7.809883 -20.264293
      1       9.705075 203.426860 -41.097379
      2     -33.218939 -30.420832 277.209125
 P Tensor eigenvectors:
                   0          1          2    
      0       0.112324  -0.729117   0.675109
      1       0.914409   0.341746   0.216947
      2       0.388896  -0.592957  -0.705097
 P Eigenvalues: 
                  0          1          2    
      0     188.041980 263.686200 314.010921
P(iso)  255.246367
 Nucleus: 10 F  
 Shielding tensor (ppm): 
                  0          1          2    
      0     268.733226  18.776474  27.782553
      1       8.498510 167.412573 -21.441951
      2      27.000286 -13.538482 279.834466
 P Tensor eigenvectors:
                   0          1          2    
      0      -0.181481  -0.762829   0.620610
      1       0.967730  -0.250725  -0.025194
      2       0.174821   0.596011   0.783714
 P Eigenvalues: 
                  0          1          2    
      0     161.739268 251.844046 302.396951
P(iso)  238.660088
# -------------------------------------------------------------
----------------------- !GEOMETRIES! ------------------------
# -------------------------------------------------------------
------------------------ !GEOMETRY! -------------------------
    Number of atoms:    23 
    Geometry Index:     1 
    Coordinates:
               0 C     -2.598351000000    0.884059000000    1.085800000000
               1 C     -2.665769000000    2.270910000000    1.587320000000
               2 C     -1.778420000000    2.397030000000    2.814410000000
               3 H     -3.704272000000    2.510719000000    1.828566000000
               4 H     -2.339358000000    2.951068000000    0.796194000000
               5 H     -2.110330000000    1.742989000000    3.620683000000
               6 H     -0.739180000000    2.160654000000    2.583635000000
               7 H     -1.798360000000    3.419775000000    3.198868000000
               8 F     -3.058540000000    0.184425000000    2.138736000000
               9 F     -1.306018000000    0.743549000000    0.769943000000
              10 F     -3.437739000000    0.912349000000    0.020896000000
              11 H     -2.013332000000   -2.644004000000    2.465653000000
              12 C     -2.167811000000   -2.345632000000    1.435203000000
              13 C     -3.463301000000   -2.240902000000    0.925534000000
              14 H     -4.314742000000   -2.460520000000    1.558622000000
              15 C     -3.663689000000   -1.818012000000   -0.389556000000
              16 H     -4.670246000000   -1.710216000000   -0.775363000000
              17 C     -2.568821000000   -1.496082000000   -1.193177000000
              18 H     -2.725040000000   -1.135527000000   -2.203131000000
              19 C     -1.273461000000   -1.603083000000   -0.684156000000
              20 H     -0.425752000000   -1.323697000000   -1.298851000000
              21 C     -1.072840000000   -2.029862000000    0.629344000000
              22 H     -0.068943000000   -2.082918000000    1.034838000000
