-------------------------------------------------------------
----------------------- !PROPERTIES! ------------------------
-------------------------------------------------------------
# -----------------------------------------------------------
$ PAL_Flags
   description: The PAL Flags
   geom. index: 1
   prop. index: 1
        Diskflag:     2
# -----------------------------------------------------------
$ SCF_Energy
   description: The SCF energy
   geom. index: 1
   prop. index: 1
        SCF Energy:     -648.6426399302
# -----------------------------------------------------------
$ DFT_Energy
   description: The DFT energy
   geom. index: 1
   prop. index: 1
   Number of Alpha Electrons                 45.9999971148 
   Number of Beta  Electrons                 45.9999971148 
   Total number of  Electrons                91.9999942296 
   Exchange energy                          -60.4344720477 
   Correlation energy                        -3.0787126634 
   Correlation energy NL                      0.0000000000 
   Exchange-Correlation energy              -63.5131847111 
   Embedding correction                       0.0000000000 
   Total DFT Energy (No VdW correction)    -648.6426399302 
# -----------------------------------------------------------
$ Mayer_Pop
   description: The Mayer population analysis
   geom. index: 1
   prop. index: 1
     Number of atoms                     : 23
     Threshold for printing              : 0.1000000
     Number of bond orders printed       : 22
  NA   - Mulliken gross atomic population
  ZA   - Total nuclear charge
  QA   - Mulliken gross atomic charge
  VA   - Mayer's total valence
  BVA  - Mayer's bonded valence
  FA   - Mayer's free valence
  ATOM       NA         ZA         QA         VA         BVA        FA
  0   0     5.2287     6.0000     0.7713     3.8879     3.8879    -0.0000
  1   0     6.1188     6.0000    -0.1188     4.0149     4.0149     0.0000
  2   0     6.1073     6.0000    -0.1073     3.9573     3.9573    -0.0000
  3   0     0.9646     1.0000     0.0354     1.0291     1.0291     0.0000
  4   0     0.9652     1.0000     0.0348     1.0286     1.0286    -0.0000
  5   0     0.9562     1.0000     0.0438     1.0198     1.0198    -0.0000
  6   0     0.9575     1.0000     0.0425     1.0207     1.0207     0.0000
  7   0     0.9648     1.0000     0.0352     1.0169     1.0169    -0.0000
  8   0     9.2468     9.0000    -0.2468     1.0237     1.0237     0.0000
  9   0     9.2426     9.0000    -0.2426     1.0332     1.0332    -0.0000
 10   0     9.2499     9.0000    -0.2499     1.0181     1.0181     0.0000
 11   0     0.9774     1.0000     0.0226     1.0247     1.0247    -0.0000
 12   0     6.0256     6.0000    -0.0256     3.8870     3.8870     0.0000
 13   0     6.0229     6.0000    -0.0229     3.8866     3.8866    -0.0000
 14   0     0.9775     1.0000     0.0225     1.0247     1.0247    -0.0000
 15   0     6.0188     6.0000    -0.0188     3.8871     3.8871     0.0000
 16   0     0.9775     1.0000     0.0225     1.0244     1.0244     0.0000
 17   0     6.0220     6.0000    -0.0220     3.8895     3.8895     0.0000
 18   0     0.9772     1.0000     0.0228     1.0239     1.0239    -0.0000
 19   0     6.0218     6.0000    -0.0218     3.8860     3.8860    -0.0000
 20   0     0.9772     1.0000     0.0228     1.0239     1.0239    -0.0000
 21   0     6.0224     6.0000    -0.0224     3.8854     3.8854     0.0000
 22   0     0.9772     1.0000     0.0228     1.0240     1.0240     0.0000
      Bond orders larger than 0.1000000
           Atom A     A.N. of A          Atom B    A.N. of B              Bond order
                0             6               1            6                0.963897
                0             6               8            9                0.979203
                0             6               9            9                0.988168
                0             6              10            9                0.983626
                1             6               2            6                0.982145
                1             6               3            1                1.015684
                1             6               4            1                1.016046
                2             6               5            1                1.000234
                2             6               6            1                1.000446
                2             6               7            1                0.996450
               11             1              12            6                1.022522
               12             6              13            6                1.414056
               12             6              21            6                1.415660
               13             6              14            1                1.022437
               13             6              15            6                1.415905
               15             6              16            1                1.021188
               15             6              17            6                1.415845
               17             6              18            1                1.021532
               17             6              19            6                1.415990
               19             6              20            1                1.021655
               19             6              21            6                1.415035
               21             6              22            1                1.021849
# -----------------------------------------------------------
$ Calculation_Info
   description: Details of the calculation
   geom. index: 1
   prop. index: 1
     Multiplicity:                          1
     Charge:                                0
     number of atoms:                       23
     number of electrons:                   0
     number of frozen core electrons:       1
     number of correlated electrons:        0
     number of basis functions:             586
     number of aux C basis functions:       0
     number of aux J basis functions:       0
     number of aux JK basis functions:      2932
     number of aux CABS basis functions:    0
     Total Energy                           -648.642640
# -----------------------------------------------------------
$ SCF_Electric_Properties
   description: The SCF Calculated Electric Properties
   geom. index: 1
   prop. index: 1
       Filename                          : run_all_displaced_distances_job5.scfp 
       Do Dipole Moment Calculation      : true 
       Do Quadrupole Moment Calculation  : false 
       Do Polarizability Calculation     : false 
** Dipole moment part of electric properties **
        Magnitude of dipole moment (Debye) :        1.2934328062
        Electronic Contribution:
                  0    
      0      -2.149752
      1       0.862645
      2      -2.238327
        Nuclear Contribution:
                  0    
      0       2.183369
      1      -0.403727
      2       2.455600
        Total Dipole moment:
                  0    
      0       0.033616
      1       0.458919
      2       0.217273
# -----------------------------------------------------------
$ EPRNMR_OrbitalShielding
   description: Orbital contribution to the NMR Shielding tensor (ppm)
   geom. index: 1
   prop. index: 1
 Number of stored nuclei 23
 Source density: 1 SCF 
 Nucleus: 3 H  
 Shielding tensor (ppm): 
                  0          1          2    
      0      32.776627  -2.145588   0.748042
      1      -3.578768  29.768650   2.124057
      2       0.013935   1.914541  27.570351
 P Tensor eigenvectors:
                   0          1          2    
      0      -0.282917   0.462905  -0.840046
      1      -0.598158   0.599494   0.531802
      2       0.749776   0.652936   0.107284
 P Eigenvalues: 
                  0          1          2    
      0      25.831997  29.698591  34.585040
P(iso)  30.038543
 Nucleus: 4 H  
 Shielding tensor (ppm): 
                  0          1          2    
      0      26.133712   0.731463   0.405838
      1       1.123382  32.989435  -3.180785
      2       0.700346  -1.670700  31.101406
 P Tensor eigenvectors:
                   0          1          2    
      0       0.962726   0.264624  -0.055964
      1      -0.194483   0.533457  -0.823164
      2      -0.187975   0.803366   0.565038
 P Eigenvalues: 
                  0          1          2    
      0      25.843718  29.708672  34.672164
P(iso)  30.074851
 Nucleus: 5 H  
 Shielding tensor (ppm): 
                  0          1          2    
      0      26.735021   1.556146  -0.098544
      1       2.370515  29.977341  -0.689221
      2      -0.575370  -2.124868  35.243213
 P Tensor eigenvectors:
                   0          1          2    
      0       0.897275   0.429981  -0.100068
      1      -0.440095   0.853308  -0.279609
      2      -0.034838   0.294926   0.954885
 P Eigenvalues: 
                  0          1          2    
      0      25.800668  30.482976  35.671932
P(iso)  30.651859
 Nucleus: 6 H  
 Shielding tensor (ppm): 
                  0          1          2    
      0      35.534920  -0.333432   0.316954
      1       0.552790  28.049234   2.845989
      2       1.481111   1.939850  28.473278
 P Tensor eigenvectors:
                   0          1          2    
      0       0.054055   0.133934  -0.989515
      1       0.735944  -0.675106  -0.051175
      2      -0.674881  -0.725461  -0.135061
 P Eigenvalues: 
                  0          1          2    
      0      25.830370  30.556072  35.670989
P(iso)  30.685811
 Nucleus: 7 H  
 Shielding tensor (ppm): 
                  0          1          2    
      0      26.944559   1.076336   1.468007
      1       0.854954  35.433948   4.895872
      2       1.388000   5.104759  30.096577
 P Tensor eigenvectors:
                   0          1          2    
      0      -0.781818   0.609551   0.131181
      1      -0.231514  -0.479150   0.846650
      2       0.578932   0.631556   0.515727
 P Eigenvalues: 
                  0          1          2    
      0      26.172507  27.659924  38.642653
P(iso)  30.825028
 Nucleus: 11 H  
 Shielding tensor (ppm): 
                  0          1          2    
      0      26.429475   0.194869  -0.453403
      1       0.235110  22.392430  -0.964051
      2      -0.425907  -1.188347  22.309493
 P Tensor eigenvectors:
                   0          1          2    
      0      -0.033634   0.147340  -0.988514
      1      -0.686043  -0.722653  -0.084371
      2      -0.726784   0.675325   0.125387
 P Eigenvalues: 
                  0          1          2    
      0      21.268420  23.359396  26.503582
P(iso)  23.710466
 Nucleus: 14 H  
 Shielding tensor (ppm): 
                  0          1          2    
      0      24.251199   0.387453   2.015459
      1       0.215959  22.293272  -1.274380
      2       1.955257  -1.375706  24.553916
 P Tensor eigenvectors:
                   0          1          2    
      0       0.416673  -0.657046   0.628231
      1      -0.736608  -0.649016  -0.190230
      2      -0.532721   0.383496   0.754413
 P Eigenvalues: 
                  0          1          2    
      0      21.168257  23.387387  26.542743
P(iso)  23.699462
 Nucleus: 16 H  
 Shielding tensor (ppm): 
                  0          1          2    
      0      23.352822   1.350841  -0.836486
      1       1.176471  21.874953  -1.104038
      2      -0.882876  -1.045934  25.853513
 P Tensor eigenvectors:
                   0          1          2    
      0       0.451086   0.818843  -0.354990
      1      -0.884657   0.357692  -0.299061
      2      -0.117907   0.448947   0.885745
 P Eigenvalues: 
                  0          1          2    
      0      21.089625  23.430675  26.560988
P(iso)  23.693763
 Nucleus: 18 H  
 Shielding tensor (ppm): 
                  0          1          2    
      0      26.494294   0.492990  -0.394981
      1       0.463848  21.126374   0.099053
      2      -0.420851   0.340719  23.484453
 P Tensor eigenvectors:
                   0          1          2    
      0      -0.095313  -0.114101  -0.988886
      1       0.989534  -0.118983  -0.081647
      2      -0.108345  -0.986318   0.124247
 P Eigenvalues: 
                  0          1          2    
      0      21.057002  23.463041  26.585078
P(iso)  23.701707
 Nucleus: 20 H  
 Shielding tensor (ppm): 
                  0          1          2    
      0      24.398488  -1.092798   1.424851
      1      -0.940906  21.417960  -0.615500
      2       1.464884  -0.457508  25.307275
 P Tensor eigenvectors:
                   0          1          2    
      0       0.286565  -0.743382   0.604370
      1       0.957795   0.207441  -0.198988
      2       0.022553   0.635886   0.771453
 P Eigenvalues: 
                  0          1          2    
      0      21.102004  23.443777  26.577941
P(iso)  23.707908
 Nucleus: 22 H  
 Shielding tensor (ppm): 
                  0          1          2    
      0      23.530643  -0.408283  -1.457668
      1      -0.265609  22.235024  -1.540674
      2      -1.409034  -1.626898  25.366067
 P Tensor eigenvectors:
                   0          1          2    
      0       0.391192   0.835621  -0.385624
      1       0.806965  -0.512903  -0.292809
      2       0.442466   0.196640   0.874961
 P Eigenvalues: 
                  0          1          2    
      0      21.206354  23.398027  26.527354
P(iso)  23.710578
 Nucleus: 0 C  
 Shielding tensor (ppm): 
                  0          1          2    
      0      50.453480  -1.043789   4.441429
      1      -1.113987  48.082862  -1.036528
      2       4.292773  -0.862478  51.866654
 P Tensor eigenvectors:
                   0          1          2    
      0      -0.767960  -0.020335   0.640175
      1      -0.175272   0.968017  -0.179509
      2       0.616049   0.250060   0.746962
 P Eigenvalues: 
                  0          1          2    
      0      46.699420  47.858827  55.844748
P(iso)  50.134332
 Nucleus: 1 C  
 Shielding tensor (ppm): 
                  0          1          2    
      0     133.956756   0.132375   2.049039
      1      -2.080960 165.666212  10.557052
      2       0.568619  14.061928 139.412043
 P Tensor eigenvectors:
                   0          1          2    
      0      -0.770343   0.637431  -0.015911
      1      -0.242211  -0.269450   0.932057
      2       0.589835   0.721857   0.361962
 P Eigenvalues: 
                  0          1          2    
      0     132.644796 135.852252 170.537964
P(iso)  146.345004
 Nucleus: 2 C  
 Shielding tensor (ppm): 
                  0          1          2    
      0     173.609207   1.477745  11.507445
      1      -0.553326 170.819917   1.359325
      2      10.624926   3.548904 180.958486
 P Tensor eigenvectors:
                   0          1          2    
      0       0.783223   0.236524   0.574994
      1       0.200641  -0.971487   0.126320
      2      -0.588476  -0.016430   0.808347
 P Eigenvalues: 
                  0          1          2    
      0     165.406753 170.758618 189.222239
P(iso)  175.129203
 Nucleus: 12 C  
 Shielding tensor (ppm): 
                  0          1          2    
      0      29.480540  -2.721348 -15.900505
      1      -3.726180 157.892488  64.816980
      2     -16.439896  68.885399 -49.611713
 P Tensor eigenvectors:
                   0          1          2    
      0       0.988186  -0.142722  -0.055845
      1       0.091390   0.256244   0.962282
      2      -0.123029  -0.956017   0.266261
 P Eigenvalues: 
                  0          1          2    
      0      31.202128 -71.306164 177.865352
P(iso)  45.920438
 Nucleus: 13 C  
 Shielding tensor (ppm): 
                  0          1          2    
      0     -32.393871 -21.182992  45.551990
      1     -17.466592 160.750937  52.493460
      2      46.748128  55.005652   9.053064
 P Tensor eigenvectors:
                   0          1          2    
      0      -0.616141   0.787622   0.004668
      1       0.222224   0.179522  -0.958326
      2      -0.755636  -0.589427  -0.285639
 P Eigenvalues: 
                  0          1          2    
      0      31.023556 -71.459309 177.845882
P(iso)  45.803377
 Nucleus: 15 C  
 Shielding tensor (ppm): 
                  0          1          2    
      0     -57.765664   4.627422 -35.455562
      1       9.072151 161.404869  49.572800
      2     -33.987722  47.892440  33.394671
 P Tensor eigenvectors:
                   0          1          2    
      0      -0.366747   0.930319   0.001680
      1      -0.307927  -0.123094   0.943413
      2       0.877882   0.345477   0.331615
 P Eigenvalues: 
                  0          1          2    
      0      30.829061 -71.597373 177.802188
P(iso)  45.677959
 Nucleus: 17 C  
 Shielding tensor (ppm): 
                  0          1          2    
      0      29.303837  -1.296269 -16.095176
      1      -0.879288 148.788648  81.342534
      2     -15.649924  76.980209 -40.585214
 P Tensor eigenvectors:
                   0          1          2    
      0       0.988877  -0.143030  -0.040805
      1       0.089565   0.353601   0.931099
      2      -0.118747  -0.924397   0.362478
 P Eigenvalues: 
                  0          1          2    
      0      31.128001 -71.315101 177.694370
P(iso)  45.835757
 Nucleus: 19 C  
 Shielding tensor (ppm): 
                  0          1          2    
      0     -30.772101 -28.514853  42.849426
      1     -31.985494 153.960160  62.295240
      2      41.672202  59.649182  14.428444
 P Tensor eigenvectors:
                   0          1          2    
      0      -0.621349   0.778828  -0.085749
      1       0.220341   0.278705   0.934759
      2      -0.751915  -0.561917   0.344780
 P Eigenvalues: 
                  0          1          2    
      0      31.320127 -71.370410 177.666787
P(iso)  45.872168
 Nucleus: 21 C  
 Shielding tensor (ppm): 
                  0          1          2    
      0     -55.829454  -3.294713 -38.232439
      1      -7.685826 163.442788  43.057842
      2     -39.708038  44.856572  30.424829
 P Tensor eigenvectors:
                   0          1          2    
      0      -0.372160   0.923357  -0.094385
      1      -0.307490  -0.026705   0.951177
      2       0.875755   0.383012   0.293861
 P Eigenvalues: 
                  0          1          2    
      0      31.526968 -71.212376 177.723570
P(iso)  46.012721
 Nucleus: 8 F  
 Shielding tensor (ppm): 
                  0          1          2    
      0     302.912158  25.660053 -34.324529
      1      11.760872 208.208339 -57.297347
      2     -18.567926 -54.502407 271.041697
 P Tensor eigenvectors:
                   0          1          2    
      0      -0.028060  -0.722765   0.690524
      1       0.866924   0.326315   0.376778
      2       0.497650  -0.609204  -0.617426
 P Eigenvalues: 
                  0          1          2    
      0     175.439055 271.110000 335.613140
P(iso)  260.720732
 Nucleus: 9 F  
 Shielding tensor (ppm): 
                  0          1          2    
      0     313.557481  -8.590113 -24.462666
      1      -2.583888 199.046690 -41.228718
      2     -42.641636 -34.793423 283.316263
 P Tensor eigenvectors:
                   0          1          2    
      0      -0.136082   0.573071  -0.808129
      1      -0.913259  -0.388723  -0.121871
      2      -0.383979   0.721446   0.576260
 P Eigenvalues: 
                  0          1          2    
      0     182.038017 276.579643 337.302774
P(iso)  265.306811
 Nucleus: 10 F  
 Shielding tensor (ppm): 
                  0          1          2    
      0     282.625713  17.928584  40.601483
      1      17.155687 162.086723 -15.558297
      2      40.509366 -16.681089 301.476797
 P Tensor eigenvectors:
                   0          1          2    
      0      -0.186428  -0.762506   0.619539
      1       0.969273  -0.245749  -0.010792
      2       0.160481   0.598491   0.784892
 P Eigenvalues: 
                  0          1          2    
      0     156.084740 256.399151 333.705342
P(iso)  248.729745
# -------------------------------------------------------------
----------------------- !GEOMETRIES! ------------------------
# -------------------------------------------------------------
------------------------ !GEOMETRY! -------------------------
    Number of atoms:    23 
    Geometry Index:     1 
    Coordinates:
               0 C     -2.598351000000    0.884059000000    1.085800000000
               1 C     -2.665769000000    2.270910000000    1.587320000000
               2 C     -1.778420000000    2.397030000000    2.814410000000
               3 H     -3.704272000000    2.510719000000    1.828566000000
               4 H     -2.339358000000    2.951068000000    0.796194000000
               5 H     -2.110330000000    1.742989000000    3.620683000000
               6 H     -0.739180000000    2.160654000000    2.583635000000
               7 H     -1.798360000000    3.419775000000    3.198868000000
               8 F     -3.058540000000    0.184425000000    2.138736000000
               9 F     -1.306018000000    0.743549000000    0.769943000000
              10 F     -3.437739000000    0.912349000000    0.020896000000
              11 H     -2.021972000000   -3.324498000000    2.150449000000
              12 C     -2.176451000000   -3.026126000000    1.119999000000
              13 C     -3.471941000000   -2.921396000000    0.610330000000
              14 H     -4.323382000000   -3.141014000000    1.243417000000
              15 C     -3.672330000000   -2.498506000000   -0.704760000000
              16 H     -4.678886000000   -2.390709000000   -1.090568000000
              17 C     -2.577461000000   -2.176576000000   -1.508382000000
              18 H     -2.733680000000   -1.816021000000   -2.518335000000
              19 C     -1.282101000000   -2.283576000000   -0.999360000000
              20 H     -0.434393000000   -2.004190000000   -1.614056000000
              21 C     -1.081481000000   -2.710356000000    0.314140000000
              22 H     -0.077583000000   -2.763412000000    0.719634000000
