-------------------------------------------------------------
----------------------- !PROPERTIES! ------------------------
-------------------------------------------------------------
# -----------------------------------------------------------
$ PAL_Flags
   description: The PAL Flags
   geom. index: 1
   prop. index: 1
        Diskflag:     2
# -----------------------------------------------------------
$ SCF_Energy
   description: The SCF energy
   geom. index: 1
   prop. index: 1
        SCF Energy:     -648.6432500366
# -----------------------------------------------------------
$ DFT_Energy
   description: The DFT energy
   geom. index: 1
   prop. index: 1
   Number of Alpha Electrons                 45.9999924640 
   Number of Beta  Electrons                 45.9999924640 
   Total number of  Electrons                91.9999849280 
   Exchange energy                          -60.4325242674 
   Correlation energy                        -3.0772349813 
   Correlation energy NL                      0.0000000000 
   Exchange-Correlation energy              -63.5097592487 
   Embedding correction                       0.0000000000 
   Total DFT Energy (No VdW correction)    -648.6432500366 
# -----------------------------------------------------------
$ Mayer_Pop
   description: The Mayer population analysis
   geom. index: 1
   prop. index: 1
     Number of atoms                     : 23
     Threshold for printing              : 0.1000000
     Number of bond orders printed       : 22
  NA   - Mulliken gross atomic population
  ZA   - Total nuclear charge
  QA   - Mulliken gross atomic charge
  VA   - Mayer's total valence
  BVA  - Mayer's bonded valence
  FA   - Mayer's free valence
  ATOM       NA         ZA         QA         VA         BVA        FA
  0   0     5.2444     6.0000     0.7556     3.9225     3.9225    -0.0000
  1   0     6.1049     6.0000    -0.1049     4.0126     4.0126    -0.0000
  2   0     6.1098     6.0000    -0.1098     3.9578     3.9578     0.0000
  3   0     0.9632     1.0000     0.0368     1.0286     1.0286     0.0000
  4   0     0.9639     1.0000     0.0361     1.0282     1.0282     0.0000
  5   0     0.9551     1.0000     0.0449     1.0197     1.0197     0.0000
  6   0     0.9565     1.0000     0.0435     1.0205     1.0205     0.0000
  7   0     0.9649     1.0000     0.0351     1.0163     1.0163     0.0000
  8   0     9.2449     9.0000    -0.2449     1.0274     1.0274     0.0000
  9   0     9.2407     9.0000    -0.2407     1.0367     1.0367     0.0000
 10   0     9.2488     9.0000    -0.2488     1.0209     1.0209     0.0000
 11   0     0.9758     1.0000     0.0242     1.0229     1.0229    -0.0000
 12   0     6.0268     6.0000    -0.0268     3.8867     3.8867     0.0000
 13   0     6.0255     6.0000    -0.0255     3.8874     3.8874     0.0000
 14   0     0.9759     1.0000     0.0241     1.0229     1.0229     0.0000
 15   0     6.0219     6.0000    -0.0219     3.8872     3.8872     0.0000
 16   0     0.9761     1.0000     0.0239     1.0228     1.0228    -0.0000
 17   0     6.0238     6.0000    -0.0238     3.8885     3.8885    -0.0000
 18   0     0.9760     1.0000     0.0240     1.0227     1.0227    -0.0000
 19   0     6.0247     6.0000    -0.0247     3.8871     3.8871     0.0000
 20   0     0.9759     1.0000     0.0241     1.0227     1.0227    -0.0000
 21   0     6.0248     6.0000    -0.0248     3.8858     3.8858     0.0000
 22   0     0.9758     1.0000     0.0242     1.0227     1.0227    -0.0000
      Bond orders larger than 0.1000000
           Atom A     A.N. of A          Atom B    A.N. of B              Bond order
                0             6               1            6                0.983100
                0             6               8            9                0.982563
                0             6               9            9                0.991555
                0             6              10            9                0.985633
                1             6               2            6                0.976479
                1             6               3            1                1.009859
                1             6               4            1                1.009963
                2             6               5            1                1.000446
                2             6               6            1                1.000655
                2             6               7            1                0.996254
               11             1              12            6                1.021908
               12             6              13            6                1.415953
               12             6              21            6                1.416240
               13             6              14            1                1.021831
               13             6              15            6                1.416469
               15             6              16            1                1.021141
               15             6              17            6                1.417042
               17             6              18            1                1.021310
               17             6              19            6                1.416545
               19             6              20            1                1.021496
               19             6              21            6                1.416449
               21             6              22            1                1.021440
# -----------------------------------------------------------
$ Calculation_Info
   description: Details of the calculation
   geom. index: 1
   prop. index: 1
     Multiplicity:                          1
     Charge:                                0
     number of atoms:                       23
     number of electrons:                   0
     number of frozen core electrons:       1
     number of correlated electrons:        0
     number of basis functions:             586
     number of aux C basis functions:       0
     number of aux J basis functions:       0
     number of aux JK basis functions:      2932
     number of aux CABS basis functions:    0
     Total Energy                           -648.643250
# -----------------------------------------------------------
$ SCF_Electric_Properties
   description: The SCF Calculated Electric Properties
   geom. index: 1
   prop. index: 1
       Filename                          : run_all_displaced_distances_job7.scfp 
       Do Dipole Moment Calculation      : true 
       Do Quadrupole Moment Calculation  : false 
       Do Polarizability Calculation     : false 
** Dipole moment part of electric properties **
        Magnitude of dipole moment (Debye) :        1.3070349299
        Electronic Contribution:
                  0    
      0      -2.134554
      1       1.903638
      2      -1.754183
        Nuclear Contribution:
                  0    
      0       2.170200
      1      -1.440741
      2       1.975258
        Total Dipole moment:
                  0    
      0       0.035646
      1       0.462898
      2       0.221075
# -----------------------------------------------------------
$ EPRNMR_OrbitalShielding
   description: Orbital contribution to the NMR Shielding tensor (ppm)
   geom. index: 1
   prop. index: 1
 Number of stored nuclei 23
 Source density: 1 SCF 
 Nucleus: 3 H  
 Shielding tensor (ppm): 
                  0          1          2    
      0      32.802865  -2.108491   0.754373
      1      -3.459450  29.502475   2.014551
      2       0.055713   1.817205  27.556805
 P Tensor eigenvectors:
                   0          1          2    
      0      -0.282341   0.430055  -0.857518
      1      -0.609702   0.609682   0.506509
      2       0.740640   0.665838   0.090067
 P Eigenvalues: 
                  0          1          2    
      0      25.840089  29.577848  34.444208
P(iso)  29.954048
 Nucleus: 4 H  
 Shielding tensor (ppm): 
                  0          1          2    
      0      26.161120   0.749819   0.405256
      1       1.126970  32.674985  -3.204207
      2       0.696609  -1.765576  31.134129
 P Tensor eigenvectors:
                   0          1          2    
      0       0.958440   0.280152  -0.053917
      1      -0.208362   0.558284  -0.803060
      2      -0.194878   0.780919   0.593455
 P Eigenvalues: 
                  0          1          2    
      0      25.850376  29.591978  34.527879
P(iso)  29.990078
 Nucleus: 5 H  
 Shielding tensor (ppm): 
                  0          1          2    
      0      26.768787   1.557296  -0.091752
      1       2.351785  29.832843  -0.931540
      2      -0.583345  -2.223624  35.178476
 P Tensor eigenvectors:
                   0          1          2    
      0       0.889216   0.445420  -0.104385
      1      -0.455239   0.838902  -0.298332
      2      -0.045314   0.312801   0.948737
 P Eigenvalues: 
                  0          1          2    
      0      25.800756  30.286656  35.692695
P(iso)  30.593369
 Nucleus: 6 H  
 Shielding tensor (ppm): 
                  0          1          2    
      0      35.576499  -0.354723   0.315185
      1       0.413450  27.859898   2.679489
      2       1.431583   1.844185  28.446042
 P Tensor eigenvectors:
                   0          1          2    
      0       0.056443   0.116383  -0.991599
      1       0.748938  -0.661714  -0.035034
      2      -0.660232  -0.740669  -0.124513
 P Eigenvalues: 
                  0          1          2    
      0      25.840540  30.347976  35.693922
P(iso)  30.627479
 Nucleus: 7 H  
 Shielding tensor (ppm): 
                  0          1          2    
      0      26.955277   1.075848   1.470672
      1       0.828794  35.312910   4.809177
      2       1.381474   5.049702  30.072829
 P Tensor eigenvectors:
                   0          1          2    
      0      -0.781787   0.609433   0.131909
      1      -0.231474  -0.480079   0.846134
      2       0.578989   0.630964   0.516388
 P Eigenvalues: 
                  0          1          2    
      0      26.180533  27.675761  38.484721
P(iso)  30.780339
 Nucleus: 11 H  
 Shielding tensor (ppm): 
                  0          1          2    
      0      26.554041   0.274985  -0.456430
      1       0.299197  22.125835  -0.848240
      2      -0.436593  -1.041711  22.443324
 P Tensor eigenvectors:
                   0          1          2    
      0      -0.013964   0.153163  -0.988102
      1      -0.759530  -0.644336  -0.089142
      2      -0.650323   0.749248   0.125329
 P Eigenvalues: 
                  0          1          2    
      0      21.325430  23.161206  26.636564
P(iso)  23.707733
 Nucleus: 14 H  
 Shielding tensor (ppm): 
                  0          1          2    
      0      24.328121   0.179183   1.997597
      1       0.041321  22.086237  -1.243482
      2       1.948884  -1.334991  24.699320
 P Tensor eigenvectors:
                   0          1          2    
      0       0.345784  -0.699175   0.625770
      1      -0.797315  -0.570544  -0.196897
      2      -0.494695   0.430852   0.754748
 P Eigenvalues: 
                  0          1          2    
      0      21.240884  23.200208  26.672585
P(iso)  23.704559
 Nucleus: 16 H  
 Shielding tensor (ppm): 
                  0          1          2    
      0      23.409535   1.152615  -0.941723
      1       1.015414  21.794705  -1.244100
      2      -0.982643  -1.188738  25.895772
 P Tensor eigenvectors:
                   0          1          2    
      0       0.371770   0.856688  -0.357593
      1      -0.914683   0.272244  -0.298729
      2      -0.158565   0.438142   0.884810
 P Eigenvalues: 
                  0          1          2    
      0      21.144356  23.260267  26.695388
P(iso)  23.700004
 Nucleus: 18 H  
 Shielding tensor (ppm): 
                  0          1          2    
      0      26.616972   0.497141  -0.401753
      1       0.463613  21.146885  -0.097562
      2      -0.424549   0.106563  23.338831
 P Tensor eigenvectors:
                   0          1          2    
      0      -0.088522  -0.118807  -0.988963
      1       0.995861  -0.031109  -0.085402
      2      -0.020619  -0.992430   0.121069
 P Eigenvalues: 
                  0          1          2    
      0      21.104293  23.289383  26.709013
P(iso)  23.700896
 Nucleus: 20 H  
 Shielding tensor (ppm): 
                  0          1          2    
      0      24.431753  -0.942124   1.546593
      1      -0.809919  21.398425  -0.777223
      2       1.583346  -0.650796  25.275280
 P Tensor eigenvectors:
                   0          1          2    
      0       0.219612  -0.763324   0.607542
      1       0.971979   0.117680  -0.203492
      2       0.083835   0.635207   0.767779
 P Eigenvalues: 
                  0          1          2    
      0      21.139243  23.263126  26.703090
P(iso)  23.701820
 Nucleus: 22 H  
 Shielding tensor (ppm): 
                  0          1          2    
      0      23.526070  -0.179821  -1.428944
      1      -0.060375  22.073689  -1.563689
      2      -1.386930  -1.619100  25.509896
 P Tensor eigenvectors:
                   0          1          2    
      0       0.306113   0.871816  -0.382404
      1       0.854160  -0.428890  -0.294046
      2       0.420363   0.236623   0.875959
 P Eigenvalues: 
                  0          1          2    
      0      21.249029  23.201912  26.658714
P(iso)  23.703218
 Nucleus: 0 C  
 Shielding tensor (ppm): 
                  0          1          2    
      0      50.479429  -1.001046   4.455323
      1      -0.997774  47.028327  -1.389467
      2       4.332520  -1.209783  51.750847
 P Tensor eigenvectors:
                   0          1          2    
      0      -0.527698   0.556577   0.641682
      1       0.600483   0.778735  -0.181636
      2       0.600795  -0.289471   0.745153
 P Eigenvalues: 
                  0          1          2    
      0      46.603521  46.796869  55.858213
P(iso)  49.752867
 Nucleus: 1 C  
 Shielding tensor (ppm): 
                  0          1          2    
      0     134.080995   0.133946   2.071047
      1      -2.052504 165.323967  10.400055
      2       0.614011  13.887822 139.475090
 P Tensor eigenvectors:
                   0          1          2    
      0      -0.769084   0.638965  -0.015275
      1      -0.242607  -0.269734   0.931872
      2       0.591313   0.720394   0.362465
 P Eigenvalues: 
                  0          1          2    
      0     132.742635 136.000604 170.136815
P(iso)  146.293351
 Nucleus: 2 C  
 Shielding tensor (ppm): 
                  0          1          2    
      0     173.666791   1.490317  11.496203
      1      -0.614793 170.629559   1.166284
      2      10.589277   3.441505 180.934685
 P Tensor eigenvectors:
                   0          1          2    
      0       0.783820   0.229120   0.577175
      1       0.197374  -0.973167   0.118276
      2      -0.588787  -0.021212   0.808010
 P Eigenvalues: 
                  0          1          2    
      0     165.475492 170.586201 189.169342
P(iso)  175.077012
 Nucleus: 12 C  
 Shielding tensor (ppm): 
                  0          1          2    
      0      30.312230  -2.573323 -15.835264
      1      -3.449306 157.595620  64.531563
      2     -16.382336  68.819855 -49.520370
 P Tensor eigenvectors:
                   0          1          2    
      0       0.988325  -0.142268  -0.054525
      1       0.089856   0.255264   0.962687
      2      -0.123041  -0.956347   0.265067
 P Eigenvalues: 
                  0          1          2    
      0      32.039962 -71.127541 177.475060
P(iso)  46.129160
 Nucleus: 13 C  
 Shielding tensor (ppm): 
                  0          1          2    
      0     -31.871401 -21.378559  45.883890
      1     -17.600562 160.498555  52.031671
      2      47.092307  54.760386   9.422508
 P Tensor eigenvectors:
                   0          1          2    
      0      -0.616740   0.787153   0.004719
      1       0.220826   0.178767  -0.958790
      2      -0.755558  -0.590282  -0.284076
 P Eigenvalues: 
                  0          1          2    
      0      31.898750 -71.290248 177.441160
P(iso)  46.016554
 Nucleus: 15 C  
 Shielding tensor (ppm): 
                  0          1          2    
      0     -57.352081   4.652029 -35.769367
      1       9.261837 161.095246  49.352894
      2     -34.244731  47.526151  34.082922
 P Tensor eigenvectors:
                   0          1          2    
      0      -0.367553   0.929999   0.002475
      1      -0.308494  -0.124432   0.943053
      2       0.877346   0.345858   0.332634
 P Eigenvalues: 
                  0          1          2    
      0      31.752367 -71.331826 177.405546
P(iso)  45.942029
 Nucleus: 17 C  
 Shielding tensor (ppm): 
                  0          1          2    
      0      29.987491  -1.137196 -16.247299
      1      -0.591482 148.550698  81.228374
      2     -15.732202  76.707281 -40.509882
 P Tensor eigenvectors:
                   0          1          2    
      0       0.988819  -0.143786  -0.039518
      1       0.088721   0.354280   0.930921
      2      -0.119853  -0.924019   0.363076
 P Eigenvalues: 
                  0          1          2    
      0      31.867000 -71.185402 177.346709
P(iso)  46.009436
 Nucleus: 19 C  
 Shielding tensor (ppm): 
                  0          1          2    
      0     -30.440759 -28.498726  43.112275
      1     -32.193946 153.781687  61.957178
      2      41.875540  59.255080  14.913081
 P Tensor eigenvectors:
                   0          1          2    
      0      -0.620468   0.779375  -0.087143
      1       0.219693   0.279411   0.934700
      2      -0.752831  -0.560807   0.344589
 P Eigenvalues: 
                  0          1          2    
      0      32.079346 -71.151038 177.325702
P(iso)  46.084670
 Nucleus: 21 C  
 Shielding tensor (ppm): 
                  0          1          2    
      0     -55.674877  -3.131619 -38.316364
      1      -7.762944 163.152889  42.790563
      2     -39.862979  44.616401  31.051280
 P Tensor eigenvectors:
                   0          1          2    
      0      -0.371378   0.923531  -0.095749
      1      -0.308160  -0.025323   0.950997
      2       0.875851   0.382686   0.294000
 P Eigenvalues: 
                  0          1          2    
      0      32.225963 -71.056223 177.359552
P(iso)  46.176431
 Nucleus: 8 F  
 Shielding tensor (ppm): 
                  0          1          2    
      0     303.961492  26.053083 -35.215281
      1      12.949001 208.252769 -60.447831
      2     -18.966145 -56.015293 272.938468
 P Tensor eigenvectors:
                   0          1          2    
      0       0.029093  -0.734916  -0.677534
      1      -0.866696   0.319143  -0.383387
      2      -0.497987  -0.598370   0.627664
 P Eigenvalues: 
                  0          1          2    
      0     173.910906 272.372065 338.869758
P(iso)  261.717576
 Nucleus: 9 F  
 Shielding tensor (ppm): 
                  0          1          2    
      0     316.432098  -8.452546 -24.909324
      1      -3.966905 197.696306 -41.567127
      2     -43.427846 -35.519134 283.870287
 P Tensor eigenvectors:
                   0          1          2    
      0      -0.135527   0.560252  -0.817160
      1      -0.914061  -0.388917  -0.115047
      2      -0.382263   0.731342   0.564814
 P Eigenvalues: 
                  0          1          2    
      0     180.455665 277.688148 339.854878
P(iso)  265.999563
 Nucleus: 10 F  
 Shielding tensor (ppm): 
                  0          1          2    
      0     284.037929  17.719477  41.882076
      1      18.119563 160.562567 -15.286486
      2      41.789033 -17.471557 303.500809
 P Tensor eigenvectors:
                   0          1          2    
      0      -0.185100  -0.762760   0.619625
      1       0.969465  -0.244940  -0.011915
      2       0.160859   0.598500   0.784807
 P Eigenvalues: 
                  0          1          2    
      0     154.460622 256.902803 336.737880
P(iso)  249.367102
# -------------------------------------------------------------
----------------------- !GEOMETRIES! ------------------------
# -------------------------------------------------------------
------------------------ !GEOMETRY! -------------------------
    Number of atoms:    23 
    Geometry Index:     1 
    Coordinates:
               0 C     -2.598351000000    0.884059000000    1.085800000000
               1 C     -2.665769000000    2.270910000000    1.587320000000
               2 C     -1.778420000000    2.397030000000    2.814410000000
               3 H     -3.704272000000    2.510719000000    1.828566000000
               4 H     -2.339358000000    2.951068000000    0.796194000000
               5 H     -2.110330000000    1.742989000000    3.620683000000
               6 H     -0.739180000000    2.160654000000    2.583635000000
               7 H     -1.798360000000    3.419775000000    3.198868000000
               8 F     -3.058540000000    0.184425000000    2.138736000000
               9 F     -1.306018000000    0.743549000000    0.769943000000
              10 F     -3.437739000000    0.912349000000    0.020896000000
              11 H     -2.027733000000   -3.778160000000    1.940313000000
              12 C     -2.182212000000   -3.479788000000    0.909862000000
              13 C     -3.477702000000   -3.375058000000    0.400194000000
              14 H     -4.329143000000   -3.594676000000    1.033281000000
              15 C     -3.678090000000   -2.952168000000   -0.914896000000
              16 H     -4.684647000000   -2.844372000000   -1.300704000000
              17 C     -2.583222000000   -2.630238000000   -1.718518000000
              18 H     -2.739441000000   -2.269683000000   -2.728471000000
              19 C     -1.287862000000   -2.737239000000   -1.209497000000
              20 H     -0.440153000000   -2.457853000000   -1.824192000000
              21 C     -1.087241000000   -3.164018000000    0.104003000000
              22 H     -0.083344000000   -3.217074000000    0.509498000000
