-------------------------------------------------------------
----------------------- !PROPERTIES! ------------------------
-------------------------------------------------------------
# -----------------------------------------------------------
$ PAL_Flags
   description: The PAL Flags
   geom. index: 1
   prop. index: 1
        Diskflag:     2
# -----------------------------------------------------------
$ SCF_Energy
   description: The SCF energy
   geom. index: 1
   prop. index: 1
        SCF Energy:     -648.6428887282
# -----------------------------------------------------------
$ DFT_Energy
   description: The DFT energy
   geom. index: 1
   prop. index: 1
   Number of Alpha Electrons                 46.0000414622 
   Number of Beta  Electrons                 46.0000414622 
   Total number of  Electrons                92.0000829244 
   Exchange energy                          -60.4321903989 
   Correlation energy                        -3.0767842975 
   Correlation energy NL                      0.0000000000 
   Exchange-Correlation energy              -63.5089746964 
   Embedding correction                       0.0000000000 
   Total DFT Energy (No VdW correction)    -648.6428887282 
# -----------------------------------------------------------
$ Mayer_Pop
   description: The Mayer population analysis
   geom. index: 1
   prop. index: 1
     Number of atoms                     : 23
     Threshold for printing              : 0.1000000
     Number of bond orders printed       : 22
  NA   - Mulliken gross atomic population
  ZA   - Total nuclear charge
  QA   - Mulliken gross atomic charge
  VA   - Mayer's total valence
  BVA  - Mayer's bonded valence
  FA   - Mayer's free valence
  ATOM       NA         ZA         QA         VA         BVA        FA
  0   0     5.2837     6.0000     0.7163     4.0157     4.0157    -0.0000
  1   0     6.0840     6.0000    -0.0840     3.9973     3.9973    -0.0000
  2   0     6.1090     6.0000    -0.1090     3.9575     3.9575     0.0000
  3   0     0.9615     1.0000     0.0385     1.0278     1.0278     0.0000
  4   0     0.9622     1.0000     0.0378     1.0273     1.0273     0.0000
  5   0     0.9545     1.0000     0.0455     1.0197     1.0197    -0.0000
  6   0     0.9558     1.0000     0.0442     1.0205     1.0205    -0.0000
  7   0     0.9654     1.0000     0.0346     1.0146     1.0146    -0.0000
  8   0     9.2408     9.0000    -0.2408     1.0334     1.0334    -0.0000
  9   0     9.2367     9.0000    -0.2367     1.0426     1.0426    -0.0000
 10   0     9.2452     9.0000    -0.2452     1.0272     1.0272     0.0000
 11   0     0.9745     1.0000     0.0255     1.0221     1.0221     0.0000
 12   0     6.0266     6.0000    -0.0266     3.8846     3.8846    -0.0000
 13   0     6.0262     6.0000    -0.0262     3.8851     3.8851     0.0000
 14   0     0.9746     1.0000     0.0254     1.0222     1.0222    -0.0000
 15   0     6.0242     6.0000    -0.0242     3.8856     3.8856    -0.0000
 16   0     0.9747     1.0000     0.0253     1.0221     1.0221     0.0000
 17   0     6.0250     6.0000    -0.0250     3.8853     3.8853    -0.0000
 18   0     0.9746     1.0000     0.0254     1.0221     1.0221    -0.0000
 19   0     6.0260     6.0000    -0.0260     3.8850     3.8850     0.0000
 20   0     0.9746     1.0000     0.0254     1.0221     1.0221    -0.0000
 21   0     6.0258     6.0000    -0.0258     3.8846     3.8846    -0.0000
 22   0     0.9745     1.0000     0.0255     1.0220     1.0220    -0.0000
      Bond orders larger than 0.1000000
           Atom A     A.N. of A          Atom B    A.N. of B              Bond order
                0             6               1            6                1.006362
                0             6               8            9                0.997286
                0             6               9            9                1.006158
                0             6              10            9                0.998173
                1             6               2            6                0.969070
                1             6               3            1                1.001321
                1             6               4            1                1.001094
                2             6               5            1                1.000417
                2             6               6            1                1.000600
                2             6               7            1                0.995514
               11             1              12            6                1.022170
               12             6              13            6                1.415436
               12             6              21            6                1.416008
               13             6              14            1                1.022274
               13             6              15            6                1.416087
               15             6              16            1                1.021992
               15             6              17            6                1.416091
               17             6              18            1                1.021987
               17             6              19            6                1.415779
               19             6              20            1                1.022158
               19             6              21            6                1.415761
               21             6              22            1                1.021976
# -----------------------------------------------------------
$ Calculation_Info
   description: Details of the calculation
   geom. index: 1
   prop. index: 1
     Multiplicity:                          1
     Charge:                                0
     number of atoms:                       23
     number of electrons:                   0
     number of frozen core electrons:       1
     number of correlated electrons:        0
     number of basis functions:             586
     number of aux C basis functions:       0
     number of aux J basis functions:       0
     number of aux JK basis functions:      2932
     number of aux CABS basis functions:    0
     Total Energy                           -648.642889
# -----------------------------------------------------------
$ SCF_Electric_Properties
   description: The SCF Calculated Electric Properties
   geom. index: 1
   prop. index: 1
       Filename                          : run_all_displaced_distances_job11.scfp 
       Do Dipole Moment Calculation      : true 
       Do Quadrupole Moment Calculation  : false 
       Do Polarizability Calculation     : false 
** Dipole moment part of electric properties **
        Magnitude of dipole moment (Debye) :        1.3383241827
        Electronic Contribution:
                  0    
      0      -2.105788
      1       3.987539
      2      -0.785944
        Nuclear Contribution:
                  0    
      0       2.143864
      1      -3.514769
      2       1.014567
        Total Dipole moment:
                  0    
      0       0.038076
      1       0.472770
      2       0.228624
# -----------------------------------------------------------
$ EPRNMR_OrbitalShielding
   description: Orbital contribution to the NMR Shielding tensor (ppm)
   geom. index: 1
   prop. index: 1
 Number of stored nuclei 23
 Source density: 1 SCF 
 Nucleus: 3 H  
 Shielding tensor (ppm): 
                  0          1          2    
      0      32.836159  -2.053990   0.773958
      1      -3.328610  29.150058   1.859151
      2       0.102220   1.685063  27.552065
 P Tensor eigenvectors:
                   0          1          2    
      0      -0.283432   0.384234  -0.878653
      1      -0.628586   0.617521   0.472808
      2       0.724256   0.686317   0.066499
 P Eigenvalues: 
                  0          1          2    
      0      25.855597  29.397556  34.285129
P(iso)  29.846094
 Nucleus: 4 H  
 Shielding tensor (ppm): 
                  0          1          2    
      0      26.205187   0.768394   0.407958
      1       1.122706  32.260994  -3.259868
      2       0.691530  -1.887314  31.169403
 P Tensor eigenvectors:
                   0          1          2    
      0       0.951223   0.304419  -0.050028
      1      -0.229197   0.588795  -0.775106
      2      -0.206501   0.748765   0.629847
 P Eigenvalues: 
                  0          1          2    
      0      25.863117  29.408139  34.364328
P(iso)  29.878528
 Nucleus: 5 H  
 Shielding tensor (ppm): 
                  0          1          2    
      0      26.817190   1.564114  -0.096683
      1       2.318133  29.633139  -1.240659
      2      -0.593458  -2.367645  35.098359
 P Tensor eigenvectors:
                   0          1          2    
      0       0.876290   0.469123  -0.109722
      1      -0.477978   0.817953  -0.320141
      2      -0.060438   0.332981   0.940995
 P Eigenvalues: 
                  0          1          2    
      0      25.797024  30.018503  35.733161
P(iso)  30.516229
 Nucleus: 6 H  
 Shielding tensor (ppm): 
                  0          1          2    
      0      35.639538  -0.389634   0.305005
      1       0.245571  27.596378   2.465010
      2       1.360550   1.712594  28.405206
 P Tensor eigenvectors:
                   0          1          2    
      0       0.058897   0.095691  -0.993667
      1       0.768706  -0.639402  -0.016012
      2      -0.636884  -0.762895  -0.111217
 P Eigenvalues: 
                  0          1          2    
      0      25.838099  30.065817  35.737205
P(iso)  30.547041
 Nucleus: 7 H  
 Shielding tensor (ppm): 
                  0          1          2    
      0      26.981640   1.073361   1.471264
      1       0.798069  35.145489   4.684117
      2       1.371066   4.967124  30.046835
 P Tensor eigenvectors:
                   0          1          2    
      0      -0.781823   0.609101   0.133221
      1      -0.231178  -0.481623   0.845338
      2       0.579059   0.630107   0.517354
 P Eigenvalues: 
                  0          1          2    
      0      26.205220  27.705307  38.263438
P(iso)  30.724655
 Nucleus: 11 H  
 Shielding tensor (ppm): 
                  0          1          2    
      0      26.769078   0.364042  -0.466387
      1       0.376561  21.745166  -0.724566
      2      -0.454422  -0.897277  22.609541
 P Tensor eigenvectors:
                   0          1          2    
      0      -0.014927   0.153561  -0.988026
      1       0.858793  -0.504117  -0.091326
      2       0.512105   0.849873   0.124352
 P Eigenvalues: 
                  0          1          2    
      0      21.257240  23.005311  26.861235
P(iso)  23.707928
 Nucleus: 14 H  
 Shielding tensor (ppm): 
                  0          1          2    
      0      24.438994  -0.064524   2.003577
      1      -0.178190  21.780234  -1.251969
      2       1.965109  -1.324565  24.901537
 P Tensor eigenvectors:
                   0          1          2    
      0      -0.227912  -0.748822   0.622351
      1       0.875730  -0.437044  -0.205156
      2       0.425620   0.498255   0.755374
 P Eigenvalues: 
                  0          1          2    
      0      21.186890  23.046879  26.886996
P(iso)  23.706922
 Nucleus: 16 H  
 Shielding tensor (ppm): 
                  0          1          2    
      0      23.483008   0.939568  -1.084694
      1       0.834399  21.662483  -1.441593
      2      -1.120291  -1.396405  25.972481
 P Tensor eigenvectors:
                   0          1          2    
      0       0.251348   0.897685  -0.361919
      1      -0.943141   0.143124  -0.300002
      2      -0.217508   0.416746   0.882617
 P Eigenvalues: 
                  0          1          2    
      0      21.099229  23.111824  26.906919
P(iso)  23.705991
 Nucleus: 18 H  
 Shielding tensor (ppm): 
                  0          1          2    
      0      26.813984   0.502334  -0.419624
      1       0.461825  21.138633  -0.352097
      2      -0.439511  -0.174862  23.165846
 P Tensor eigenvectors:
                   0          1          2    
      0       0.075507   0.128087  -0.988884
      1      -0.991347  -0.097149  -0.088278
      2      -0.107376   0.986993   0.119643
 P Eigenvalues: 
                  0          1          2    
      0      21.073065  23.136483  26.908916
P(iso)  23.706155
 Nucleus: 20 H  
 Shielding tensor (ppm): 
                  0          1          2    
      0      24.499148  -0.773802   1.717875
      1      -0.651999  21.367919  -1.001390
      2       1.749138  -0.889348  25.253215
 P Tensor eigenvectors:
                   0          1          2    
      0       0.117967  -0.782039   0.611963
      1       0.977791  -0.016029  -0.208971
      2       0.173232   0.623023   0.762780
 P Eigenvalues: 
                  0          1          2    
      0      21.114215  23.102822  26.903244
P(iso)  23.706760
 Nucleus: 22 H  
 Shielding tensor (ppm): 
                  0          1          2    
      0      23.534738   0.099526  -1.405937
      1       0.208136  21.857125  -1.610778
      2      -1.363996  -1.655244  25.723993
 P Tensor eigenvectors:
                   0          1          2    
      0      -0.166777  -0.910878  -0.377475
      1      -0.909846   0.289699  -0.297076
      2      -0.379954  -0.293899   0.877074
 P Eigenvalues: 
                  0          1          2    
      0      21.204125  23.038407  26.873323
P(iso)  23.705285
 Nucleus: 0 C  
 Shielding tensor (ppm): 
                  0          1          2    
      0      50.443678  -0.940874   4.494320
      1      -0.898294  45.850348  -1.799685
      2       4.383778  -1.577959  51.584358
 P Tensor eigenvectors:
                   0          1          2    
      0      -0.135915  -0.754281   0.642329
      1       0.927959  -0.324015  -0.184134
      2       0.347014   0.571029   0.743981
 P Eigenvalues: 
                  0          1          2    
      0      45.351263  46.684896  55.842225
P(iso)  49.292795
 Nucleus: 1 C  
 Shielding tensor (ppm): 
                  0          1          2    
      0     134.190195   0.154954   2.091604
      1      -2.023946 164.888572  10.189076
      2       0.634332  13.693659 139.519865
 P Tensor eigenvectors:
                   0          1          2    
      0      -0.769568   0.638398  -0.014579
      1      -0.242182  -0.270666   0.931712
      2       0.590857   0.720547   0.362905
 P Eigenvalues: 
                  0          1          2    
      0     132.846042 136.125336 169.627254
P(iso)  146.199544
 Nucleus: 2 C  
 Shielding tensor (ppm): 
                  0          1          2    
      0     173.774729   1.493107  11.483863
      1      -0.687012 170.393271   0.907500
      2      10.548015   3.288930 180.931576
 P Tensor eigenvectors:
                   0          1          2    
      0       0.784642   0.218659   0.580108
      1       0.192496  -0.975414   0.107295
      2      -0.589307  -0.027480   0.807442
 P Eigenvalues: 
                  0          1          2    
      0     165.593166 170.371075 189.135335
P(iso)  175.033192
 Nucleus: 12 C  
 Shielding tensor (ppm): 
                  0          1          2    
      0      30.750298  -2.465699 -15.819461
      1      -3.286274 157.125175  64.334440
      2     -16.363445  68.808409 -49.461565
 P Tensor eigenvectors:
                   0          1          2    
      0       0.988398  -0.142003  -0.053890
      1       0.089090   0.254678   0.962913
      2      -0.123012  -0.956543   0.264375
 P Eigenvalues: 
                  0          1          2    
      0      32.486901 -71.043141 176.970148
P(iso)  46.137969
 Nucleus: 13 C  
 Shielding tensor (ppm): 
                  0          1          2    
      0     -31.577063 -21.574537  46.044519
      1     -17.700729 160.094589  51.725556
      2      47.256394  54.600856   9.657752
 P Tensor eigenvectors:
                   0          1          2    
      0      -0.617179   0.786809   0.004730
      1       0.220053   0.178376  -0.959040
      2      -0.755425  -0.590858  -0.283230
 P Eigenvalues: 
                  0          1          2    
      0      32.394603 -71.176198 176.956873
P(iso)  46.058426
 Nucleus: 15 C  
 Shielding tensor (ppm): 
                  0          1          2    
      0     -57.071243   4.579772 -35.971016
      1       9.305636 160.754956  49.072847
      2     -34.399472  47.174217  34.467137
 P Tensor eigenvectors:
                   0          1          2    
      0      -0.367972   0.929833   0.002778
      1      -0.308552  -0.124924   0.942969
      2       0.877150   0.346129   0.332870
 P Eigenvalues: 
                  0          1          2    
      0      32.336531 -71.127863 176.942181
P(iso)  46.050283
 Nucleus: 17 C  
 Shielding tensor (ppm): 
                  0          1          2    
      0      30.456830  -1.064488 -16.309114
      1      -0.449624 148.284262  80.993825
      2     -15.760381  76.358044 -40.504727
 P Tensor eigenvectors:
                   0          1          2    
      0       0.988807  -0.144037  -0.038907
      1       0.088253   0.354394   0.930922
      2      -0.120299  -0.923936   0.363139
 P Eigenvalues: 
                  0          1          2    
      0      32.359648 -71.034989 176.911707
P(iso)  46.078788
 Nucleus: 19 C  
 Shielding tensor (ppm): 
                  0          1          2    
      0     -30.243531 -28.390163  43.302404
      1     -32.219652 153.522415  61.646187
      2      42.047371  58.893469  15.100956
 P Tensor eigenvectors:
                   0          1          2    
      0      -0.619969   0.779714  -0.087661
      1       0.219313   0.279474   0.934770
      2      -0.753353  -0.560303   0.344267
 P Eigenvalues: 
                  0          1          2    
      0      32.518550 -71.025038 176.886329
P(iso)  46.126614
 Nucleus: 21 C  
 Shielding tensor (ppm): 
                  0          1          2    
      0     -55.604468  -2.908849 -38.328015
      1      -7.695895 162.755833  42.563136
      2     -39.934119  44.431364  31.366997
 P Tensor eigenvectors:
                   0          1          2    
      0      -0.370958   0.923647  -0.096261
      1      -0.308285  -0.024705   0.950973
      2       0.875985   0.382447   0.293911
 P Eigenvalues: 
                  0          1          2    
      0      32.611687 -70.976015 176.882691
P(iso)  46.172787
 Nucleus: 8 F  
 Shielding tensor (ppm): 
                  0          1          2    
      0     304.585514  26.103017 -35.413541
      1      13.389694 207.308328 -61.812511
      2     -18.830962 -56.636376 273.360753
 P Tensor eigenvectors:
                   0          1          2    
      0      -0.030076  -0.736398   0.675880
      1       0.867601   0.316544   0.383495
      2       0.496351  -0.597928  -0.629379
 P Eigenvalues: 
                  0          1          2    
      0     172.440358 273.003398 339.810839
P(iso)  261.751532
 Nucleus: 9 F  
 Shielding tensor (ppm): 
                  0          1          2    
      0     317.139722  -8.289292 -24.837352
      1      -4.434214 196.413018 -42.078210
      2     -43.638401 -36.230366 284.241931
 P Tensor eigenvectors:
                   0          1          2    
      0      -0.133526   0.559775  -0.817816
      1      -0.914938  -0.386760  -0.115344
      2      -0.380865   0.732850   0.563802
 P Eigenvalues: 
                  0          1          2    
      0     178.980970 278.271945 340.541756
P(iso)  265.931557
 Nucleus: 10 F  
 Shielding tensor (ppm): 
                  0          1          2    
      0     284.417858  17.747325  41.916917
      1      18.638902 159.112422 -15.533661
      2      41.853693 -18.090373 303.776436
 P Tensor eigenvectors:
                   0          1          2    
      0      -0.184144  -0.762687   0.619999
      1       0.969459  -0.244892  -0.013316
      2       0.161989   0.598612   0.784489
 P Eigenvalues: 
                  0          1          2    
      0     152.882589 257.319332 337.104796
P(iso)  249.102239
# -------------------------------------------------------------
----------------------- !GEOMETRIES! ------------------------
# -------------------------------------------------------------
------------------------ !GEOMETRY! -------------------------
    Number of atoms:    23 
    Geometry Index:     1 
    Coordinates:
               0 C     -2.598351000000    0.884059000000    1.085800000000
               1 C     -2.665769000000    2.270910000000    1.587320000000
               2 C     -1.778420000000    2.397030000000    2.814410000000
               3 H     -3.704272000000    2.510719000000    1.828566000000
               4 H     -2.339358000000    2.951068000000    0.796194000000
               5 H     -2.110330000000    1.742989000000    3.620683000000
               6 H     -0.739180000000    2.160654000000    2.583635000000
               7 H     -1.798360000000    3.419775000000    3.198868000000
               8 F     -3.058540000000    0.184425000000    2.138736000000
               9 F     -1.306018000000    0.743549000000    0.769943000000
              10 F     -3.437739000000    0.912349000000    0.020896000000
              11 H     -2.039254000000   -4.685485000000    1.520040000000
              12 C     -2.193732000000   -4.387113000000    0.489590000000
              13 C     -3.489223000000   -4.282383000000   -0.020079000000
              14 H     -4.340664000000   -4.502001000000    0.613009000000
              15 C     -3.689611000000   -3.859493000000   -1.335169000000
              16 H     -4.696168000000   -3.751696000000   -1.720977000000
              17 C     -2.594742000000   -3.537563000000   -2.138790000000
              18 H     -2.750962000000   -3.177008000000   -3.148744000000
              19 C     -1.299383000000   -3.644563000000   -1.629769000000
              20 H     -0.451674000000   -3.365178000000   -2.244464000000
              21 C     -1.098762000000   -4.071343000000   -0.316269000000
              22 H     -0.094864000000   -4.124399000000    0.089225000000
