-------------------------------------------------------------
----------------------- !PROPERTIES! ------------------------
-------------------------------------------------------------
# -----------------------------------------------------------
$ PAL_Flags
   description: The PAL Flags
   geom. index: 1
   prop. index: 1
        Diskflag:     2
# -----------------------------------------------------------
$ SCF_Energy
   description: The SCF energy
   geom. index: 1
   prop. index: 1
        SCF Energy:     -648.6367677002
# -----------------------------------------------------------
$ DFT_Energy
   description: The DFT energy
   geom. index: 1
   prop. index: 1
   Number of Alpha Electrons                 46.0000029744 
   Number of Beta  Electrons                 46.0000029744 
   Total number of  Electrons                92.0000059488 
   Exchange energy                          -60.4423040675 
   Correlation energy                        -3.0834005568 
   Correlation energy NL                      0.0000000000 
   Exchange-Correlation energy              -63.5257046244 
   Embedding correction                       0.0000000000 
   Total DFT Energy (No VdW correction)    -648.6367677002 
# -----------------------------------------------------------
$ Mayer_Pop
   description: The Mayer population analysis
   geom. index: 1
   prop. index: 1
     Number of atoms                     : 23
     Threshold for printing              : 0.1000000
     Number of bond orders printed       : 22
  NA   - Mulliken gross atomic population
  ZA   - Total nuclear charge
  QA   - Mulliken gross atomic charge
  VA   - Mayer's total valence
  BVA  - Mayer's bonded valence
  FA   - Mayer's free valence
  ATOM       NA         ZA         QA         VA         BVA        FA
  0   0     5.2206     6.0000     0.7794     3.8620     3.8620    -0.0000
  1   0     6.1318     6.0000    -0.1318     4.0205     4.0205     0.0000
  2   0     6.1020     6.0000    -0.1020     3.9580     3.9580    -0.0000
  3   0     0.9668     1.0000     0.0332     1.0299     1.0299     0.0000
  4   0     0.9675     1.0000     0.0325     1.0295     1.0295    -0.0000
  5   0     0.9579     1.0000     0.0421     1.0199     1.0199     0.0000
  6   0     0.9591     1.0000     0.0409     1.0208     1.0208    -0.0000
  7   0     0.9650     1.0000     0.0350     1.0170     1.0170     0.0000
  8   0     9.2470     9.0000    -0.2470     1.0153     1.0153     0.0000
  9   0     9.2425     9.0000    -0.2425     1.0261     1.0261     0.0000
 10   0     9.2488     9.0000    -0.2488     1.0124     1.0124    -0.0000
 11   0     0.9805     1.0000     0.0195     1.0280     1.0280     0.0000
 12   0     6.0231     6.0000    -0.0231     3.8836     3.8836     0.0000
 13   0     6.0172     6.0000    -0.0172     3.8775     3.8775     0.0000
 14   0     0.9807     1.0000     0.0193     1.0287     1.0287    -0.0000
 15   0     6.0160     6.0000    -0.0160     3.8838     3.8838    -0.0000
 16   0     0.9803     1.0000     0.0197     1.0285     1.0285     0.0000
 17   0     6.0182     6.0000    -0.0182     3.8827     3.8827    -0.0000
 18   0     0.9799     1.0000     0.0201     1.0270     1.0270     0.0000
 19   0     6.0165     6.0000    -0.0165     3.8793     3.8793    -0.0000
 20   0     0.9799     1.0000     0.0201     1.0269     1.0269    -0.0000
 21   0     6.0188     6.0000    -0.0188     3.8809     3.8809     0.0000
 22   0     0.9799     1.0000     0.0201     1.0267     1.0267    -0.0000
      Bond orders larger than 0.1000000
           Atom A     A.N. of A          Atom B    A.N. of B              Bond order
                0             6               1            6                0.942983
                0             6               8            9                0.977203
                0             6               9            9                0.987796
                0             6              10            9                0.984103
                1             6               2            6                0.989628
                1             6               3            1                1.021161
                1             6               4            1                1.021733
                2             6               5            1                0.999645
                2             6               6            1                0.999840
                2             6               7            1                0.996196
               11             1              12            6                1.024517
               12             6              13            6                1.403709
               12             6              21            6                1.419292
               13             6              14            1                1.024374
               13             6              15            6                1.419552
               15             6              16            1                1.022960
               15             6              17            6                1.405345
               17             6              18            1                1.023908
               17             6              19            6                1.418943
               19             6              20            1                1.023225
               19             6              21            6                1.406212
               21             6              22            1                1.023696
# -----------------------------------------------------------
$ Calculation_Info
   description: Details of the calculation
   geom. index: 1
   prop. index: 1
     Multiplicity:                          1
     Charge:                                0
     number of atoms:                       23
     number of electrons:                   0
     number of frozen core electrons:       1
     number of correlated electrons:        0
     number of basis functions:             586
     number of aux C basis functions:       0
     number of aux J basis functions:       0
     number of aux JK basis functions:      2932
     number of aux CABS basis functions:    0
     Total Energy                           -648.636768
# -----------------------------------------------------------
$ SCF_Electric_Properties
   description: The SCF Calculated Electric Properties
   geom. index: 1
   prop. index: 1
       Filename                          : run_all_displaced_distances_job3.scfp 
       Do Dipole Moment Calculation      : true 
       Do Quadrupole Moment Calculation  : false 
       Do Polarizability Calculation     : false 
** Dipole moment part of electric properties **
        Magnitude of dipole moment (Debye) :        1.3673970274
        Electronic Contribution:
                  0    
      0      -2.167897
      1      -0.145709
      2      -2.710441
        Nuclear Contribution:
                  0    
      0       2.196536
      1       0.633288
      2       2.935946
        Total Dipole moment:
                  0    
      0       0.028639
      1       0.487579
      2       0.225505
# -----------------------------------------------------------
$ EPRNMR_OrbitalShielding
   description: Orbital contribution to the NMR Shielding tensor (ppm)
   geom. index: 1
   prop. index: 1
 Number of stored nuclei 23
 Source density: 1 SCF 
 Nucleus: 3 H  
 Shielding tensor (ppm): 
                  0          1          2    
      0      32.754951  -2.178559   0.736892
      1      -3.736378  30.094722   2.257478
      2      -0.048884   2.038049  27.575173
 P Tensor eigenvectors:
                   0          1          2    
      0      -0.281806   0.501658  -0.817878
      1      -0.584699   0.586069   0.560937
      2       0.760732   0.636288   0.128161
 P Eigenvalues: 
                  0          1          2    
      0      25.815134  29.826549  34.783163
P(iso)  30.141615
 Nucleus: 4 H  
 Shielding tensor (ppm): 
                  0          1          2    
      0      26.116971   0.706015   0.406353
      1       1.111976  33.388644  -3.171691
      2       0.720580  -1.542773  31.073437
 P Tensor eigenvectors:
                   0          1          2    
      0       0.966767   0.249218  -0.057024
      1      -0.179360   0.502213  -0.845939
      2      -0.182185   0.828054   0.530222
 P Eigenvalues: 
                  0          1          2    
      0      25.847634  29.849077  34.882340
P(iso)  30.193017
 Nucleus: 5 H  
 Shielding tensor (ppm): 
                  0          1          2    
      0      26.700670   1.542631  -0.121877
      1       2.417858  30.151761  -0.379366
      2      -0.581069  -2.012772  35.325756
 P Tensor eigenvectors:
                   0          1          2    
      0       0.905086   0.414273  -0.095903
      1      -0.424662   0.868957  -0.254119
      2      -0.021939   0.270726   0.962406
 P Eigenvalues: 
                  0          1          2    
      0      25.796618  30.722823  35.658745
P(iso)  30.726062
 Nucleus: 6 H  
 Shielding tensor (ppm): 
                  0          1          2    
      0      35.487630  -0.309541   0.304755
      1       0.747878  28.303477   3.055353
      2       1.536754   2.041259  28.517735
 P Tensor eigenvectors:
                   0          1          2    
      0       0.050007   0.158687  -0.986062
      1       0.721067  -0.688870  -0.074292
      2      -0.691058  -0.707302  -0.148872
 P Eigenvalues: 
                  0          1          2    
      0      25.836292  30.820236  35.652313
P(iso)  30.769614
 Nucleus: 7 H  
 Shielding tensor (ppm): 
                  0          1          2    
      0      26.922983   1.065944   1.470525
      1       0.874134  35.584117   5.010231
      2       1.400504   5.167947  30.121504
 P Tensor eigenvectors:
                   0          1          2    
      0      -0.781257   0.610607   0.129601
      1      -0.232586  -0.477432   0.847326
      2       0.579259   0.631837   0.515016
 P Eigenvalues: 
                  0          1          2    
      0      26.146718  27.645856  38.836030
P(iso)  30.876201
 Nucleus: 11 H  
 Shielding tensor (ppm): 
                  0          1          2    
      0      26.330615   0.096951  -0.447401
      1       0.179061  22.683498  -1.125862
      2      -0.430676  -1.334274  22.154625
 P Tensor eigenvectors:
                   0          1          2    
      0       0.050344  -0.138269  -0.989114
      1       0.619902   0.780833  -0.077601
      2       0.783063  -0.609247   0.125023
 P Eigenvalues: 
                  0          1          2    
      0      21.148238  23.623484  26.397017
P(iso)  23.722913
 Nucleus: 14 H  
 Shielding tensor (ppm): 
                  0          1          2    
      0      24.161305   0.606212   2.053795
      1       0.416089  22.542919  -1.342354
      2       1.995125  -1.403679  24.406032
 P Tensor eigenvectors:
                   0          1          2    
      0      -0.477534   0.611769   0.630634
      1       0.674933   0.714957  -0.182491
      2       0.562518  -0.338490   0.754320
 P Eigenvalues: 
                  0          1          2    
      0      21.041830  23.635343  26.433084
P(iso)  23.703419
 Nucleus: 16 H  
 Shielding tensor (ppm): 
                  0          1          2    
      0      23.275057   1.575051  -0.735889
      1       1.392033  21.989142  -0.934532
      2      -0.782527  -0.903646  25.825599
 P Tensor eigenvectors:
                   0          1          2    
      0       0.525600   0.773924  -0.353251
      1      -0.847118   0.437884  -0.301079
      2      -0.078329   0.457493   0.885757
 P Eigenvalues: 
                  0          1          2    
      0      20.987384  23.661975  26.440440
P(iso)  23.696599
 Nucleus: 18 H  
 Shielding tensor (ppm): 
                  0          1          2    
      0      26.394123   0.480145  -0.400518
      1       0.470399  21.100828   0.354494
      2      -0.409144   0.587021  23.653497
 P Tensor eigenvectors:
                   0          1          2    
      0      -0.099506   0.111633  -0.988755
      1       0.977011   0.199245  -0.075829
      2      -0.188539   0.973570   0.128893
 P Eigenvalues: 
                  0          1          2    
      0      20.962947  23.702094  26.483408
P(iso)  23.716149
 Nucleus: 20 H  
 Shielding tensor (ppm): 
                  0          1          2    
      0      24.370049  -1.251265   1.323676
      1      -1.122399  21.423579  -0.438589
      2       1.342268  -0.253463  25.345063
 P Tensor eigenvectors:
                   0          1          2    
      0       0.344208  -0.720560   0.601926
      1       0.938334   0.286127  -0.194061
      2      -0.032395   0.631605   0.774613
 P Eigenvalues: 
                  0          1          2    
      0      21.001448  23.668802  26.468440
P(iso)  23.712897
 Nucleus: 22 H  
 Shielding tensor (ppm): 
                  0          1          2    
      0      23.542904  -0.629090  -1.496689
      1      -0.521704  22.396351  -1.534380
      2      -1.445432  -1.658387  25.230509
 P Tensor eigenvectors:
                   0          1          2    
      0       0.456230   0.800417  -0.388827
      1       0.762960  -0.576733  -0.292011
      2       0.457980   0.163435   0.873809
 P Eigenvalues: 
                  0          1          2    
      0      21.098521  23.653920  26.417323
P(iso)  23.723255
 Nucleus: 0 C  
 Shielding tensor (ppm): 
                  0          1          2    
      0      50.206267  -1.071156   4.510203
      1      -1.364001  49.561252  -0.519796
      2       4.270769  -0.278896  51.913298
 P Tensor eigenvectors:
                   0          1          2    
      0      -0.769210  -0.064395   0.635743
      1      -0.223020   0.959401  -0.172662
      2       0.598814   0.274597   0.752342
 P Eigenvalues: 
                  0          1          2    
      0      46.430569  49.526040  55.724210
P(iso)  50.560273
 Nucleus: 1 C  
 Shielding tensor (ppm): 
                  0          1          2    
      0     133.636388   0.150794   2.001430
      1      -2.126961 166.017725  10.744029
      2       0.473808  14.334945 139.151898
 P Tensor eigenvectors:
                   0          1          2    
      0      -0.771341   0.636198  -0.016894
      1      -0.241742  -0.268331   0.932502
      2       0.588722   0.723361   0.360770
 P Eigenvalues: 
                  0          1          2    
      0     132.378651 135.462518 170.964843
P(iso)  146.268671
 Nucleus: 2 C  
 Shielding tensor (ppm): 
                  0          1          2    
      0     173.573395   1.384582  11.505545
      1      -0.485107 171.116245   1.610480
      2      10.684878   3.635994 180.985443
 P Tensor eigenvectors:
                   0          1          2    
      0       0.781683   0.246404   0.572937
      1       0.206811  -0.969076   0.134611
      2      -0.588389  -0.013266   0.808469
 P Eigenvalues: 
                  0          1          2    
      0     165.335238 171.047298 189.292547
P(iso)  175.225028
 Nucleus: 12 C  
 Shielding tensor (ppm): 
                  0          1          2    
      0      27.563444  -3.086244 -16.281262
      1      -4.416820 158.108852  65.437398
      2     -16.749143  69.061564 -49.858677
 P Tensor eigenvectors:
                   0          1          2    
      0       0.987668  -0.144725  -0.059729
      1       0.096000   0.258435   0.961247
      2      -0.123680  -0.955126   0.269142
 P Eigenvalues: 
                  0          1          2    
      0      29.308709 -71.831822 178.336731
P(iso)  45.271206
 Nucleus: 13 C  
 Shielding tensor (ppm): 
                  0          1          2    
      0     -33.846283 -20.787873  44.790550
      1     -17.245688 160.836462  53.562560
      2      45.916175  55.600310   8.278175
 P Tensor eigenvectors:
                   0          1          2    
      0      -0.614016   0.789279   0.004775
      1       0.226061   0.181652  -0.957026
      2      -0.756228  -0.586550  -0.289962
 P Eigenvalues: 
                  0          1          2    
      0      28.928733 -72.006659 178.346279
P(iso)  45.089451
 Nucleus: 15 C  
 Shielding tensor (ppm): 
                  0          1          2    
      0     -58.813968   4.449434 -34.681517
      1       8.476033 161.915587  49.723481
      2     -33.330090  48.442756  31.666316
 P Tensor eigenvectors:
                   0          1          2    
      0      -0.364078   0.931368  -0.000560
      1      -0.305495  -0.118852   0.944747
      2       0.879841   0.344133   0.327800
 P Eigenvalues: 
                  0          1          2    
      0      28.666722 -72.225206 178.326419
P(iso)  44.922645
 Nucleus: 17 C  
 Shielding tensor (ppm): 
                  0          1          2    
      0      27.872774  -1.848362 -15.601660
      1      -1.738089 149.116187  81.403265
      2     -15.373075  77.357680 -40.805652
 P Tensor eigenvectors:
                   0          1          2    
      0       0.989112  -0.140176  -0.044810
      1       0.092062   0.351827   0.931527
      2      -0.114813  -0.925510   0.360901
 P Eigenvalues: 
                  0          1          2    
      0      29.507952 -71.484464 178.159820
P(iso)  45.394436
 Nucleus: 19 C  
 Shielding tensor (ppm): 
                  0          1          2    
      0     -31.579637 -28.443051  42.427896
      1     -31.370329 154.142755  62.972480
      2      41.415165  60.565257  12.990294
 P Tensor eigenvectors:
                   0          1          2    
      0      -0.624381   0.776840  -0.081659
      1       0.221589   0.276401   0.935148
      2      -0.749030  -0.565794   0.344718
 P Eigenvalues: 
                  0          1          2    
      0      29.528339 -72.137351 178.162424
P(iso)  45.184471
 Nucleus: 21 C  
 Shielding tensor (ppm): 
                  0          1          2    
      0     -56.136507  -3.461276 -38.133588
      1      -7.300062 163.871798  43.504306
      2     -39.480339  45.234023  28.939415
 P Tensor eigenvectors:
                   0          1          2    
      0      -0.374920   0.922608  -0.090716
      1      -0.305187  -0.030432   0.951806
      2       0.875384   0.384536   0.292977
 P Eigenvalues: 
                  0          1          2    
      0      30.082728 -71.624611 178.216589
P(iso)  45.558235
 Nucleus: 8 F  
 Shielding tensor (ppm): 
                  0          1          2    
      0     298.687151  23.963723 -30.336766
      1       7.162402 204.994747 -46.065504
      2     -17.056415 -49.036312 263.245870
 P Tensor eigenvectors:
                   0          1          2    
      0      -0.025644   0.662485   0.748636
      1       0.872444  -0.350774   0.340292
      2       0.488040   0.661870  -0.568986
 P Eigenvalues: 
                  0          1          2    
      0     178.334354 265.698609 322.894805
P(iso)  255.642589
 Nucleus: 9 F  
 Shielding tensor (ppm): 
                  0          1          2    
      0     301.256923  -8.458003 -22.542691
      1       2.836462 201.482785 -41.005824
      2     -38.761626 -32.882887 280.830736
 P Tensor eigenvectors:
                   0          1          2    
      0       0.129953   0.636994   0.759836
      1       0.912738  -0.376213   0.159288
      2       0.387326   0.672831  -0.630299
 P Eigenvalues: 
                  0          1          2    
      0     185.197485 271.664362 326.708597
P(iso)  261.190148
 Nucleus: 10 F  
 Shielding tensor (ppm): 
                  0          1          2    
      0     276.519782  18.488019  34.954667
      1      13.364624 164.907941 -17.796654
      2      34.632213 -14.939272 292.125621
 P Tensor eigenvectors:
                   0          1          2    
      0      -0.186410  -0.762238   0.619874
      1       0.968705  -0.247850  -0.013461
      2       0.163896   0.597966   0.784586
 P Eigenvalues: 
                  0          1          2    
      0     159.128392 254.395687 320.029265
P(iso)  244.517781
# -------------------------------------------------------------
----------------------- !GEOMETRIES! ------------------------
# -------------------------------------------------------------
------------------------ !GEOMETRY! -------------------------
    Number of atoms:    23 
    Geometry Index:     1 
    Coordinates:
               0 C     -2.598351000000    0.884059000000    1.085800000000
               1 C     -2.665769000000    2.270910000000    1.587320000000
               2 C     -1.778420000000    2.397030000000    2.814410000000
               3 H     -3.704272000000    2.510719000000    1.828566000000
               4 H     -2.339358000000    2.951068000000    0.796194000000
               5 H     -2.110330000000    1.742989000000    3.620683000000
               6 H     -0.739180000000    2.160654000000    2.583635000000
               7 H     -1.798360000000    3.419775000000    3.198868000000
               8 F     -3.058540000000    0.184425000000    2.138736000000
               9 F     -1.306018000000    0.743549000000    0.769943000000
              10 F     -3.437739000000    0.912349000000    0.020896000000
              11 H     -2.016212000000   -2.870835000000    2.360585000000
              12 C     -2.170691000000   -2.572463000000    1.330135000000
              13 C     -3.466181000000   -2.467734000000    0.820466000000
              14 H     -4.317622000000   -2.687351000000    1.453554000000
              15 C     -3.666570000000   -2.044843000000   -0.494624000000
              16 H     -4.673126000000   -1.937047000000   -0.880431000000
              17 C     -2.571701000000   -1.722913000000   -1.298245000000
              18 H     -2.727920000000   -1.362358000000   -2.308199000000
              19 C     -1.276341000000   -1.829914000000   -0.789224000000
              20 H     -0.428632000000   -1.550528000000   -1.403919000000
              21 C     -1.075720000000   -2.256693000000    0.524276000000
              22 H     -0.071823000000   -2.309749000000    0.929770000000
