-------------------------------------------------------------
----------------------- !PROPERTIES! ------------------------
-------------------------------------------------------------
# -----------------------------------------------------------
$ PAL_Flags
   description: The PAL Flags
   geom. index: 1
   prop. index: 1
        Diskflag:     2
# -----------------------------------------------------------
$ SCF_Energy
   description: The SCF energy
   geom. index: 1
   prop. index: 1
        SCF Energy:     -648.6410098326
# -----------------------------------------------------------
$ DFT_Energy
   description: The DFT energy
   geom. index: 1
   prop. index: 1
   Number of Alpha Electrons                 46.0000114424 
   Number of Beta  Electrons                 46.0000114424 
   Total number of  Electrons                92.0000228849 
   Exchange energy                          -60.4370380967 
   Correlation energy                        -3.0804217059 
   Correlation energy NL                      0.0000000000 
   Exchange-Correlation energy              -63.5174598026 
   Embedding correction                       0.0000000000 
   Total DFT Energy (No VdW correction)    -648.6410098326 
# -----------------------------------------------------------
$ Mayer_Pop
   description: The Mayer population analysis
   geom. index: 1
   prop. index: 1
     Number of atoms                     : 23
     Threshold for printing              : 0.1000000
     Number of bond orders printed       : 22
  NA   - Mulliken gross atomic population
  ZA   - Total nuclear charge
  QA   - Mulliken gross atomic charge
  VA   - Mayer's total valence
  BVA  - Mayer's bonded valence
  FA   - Mayer's free valence
  ATOM       NA         ZA         QA         VA         BVA        FA
  0   0     5.2250     6.0000     0.7750     3.8769     3.8769    -0.0000
  1   0     6.1245     6.0000    -0.1245     4.0169     4.0169     0.0000
  2   0     6.1050     6.0000    -0.1050     3.9575     3.9575    -0.0000
  3   0     0.9655     1.0000     0.0345     1.0294     1.0294     0.0000
  4   0     0.9662     1.0000     0.0338     1.0289     1.0289     0.0000
  5   0     0.9570     1.0000     0.0430     1.0199     1.0199    -0.0000
  6   0     0.9583     1.0000     0.0417     1.0208     1.0208     0.0000
  7   0     0.9648     1.0000     0.0352     1.0170     1.0170    -0.0000
  8   0     9.2473     9.0000    -0.2473     1.0208     1.0208    -0.0000
  9   0     9.2430     9.0000    -0.2430     1.0307     1.0307     0.0000
 10   0     9.2497     9.0000    -0.2497     1.0163     1.0163    -0.0000
 11   0     0.9789     1.0000     0.0211     1.0261     1.0261    -0.0000
 12   0     6.0244     6.0000    -0.0244     3.8855     3.8855    -0.0000
 13   0     6.0202     6.0000    -0.0202     3.8826     3.8826    -0.0000
 14   0     0.9790     1.0000     0.0210     1.0264     1.0264     0.0000
 15   0     6.0170     6.0000    -0.0170     3.8857     3.8857    -0.0000
 16   0     0.9789     1.0000     0.0211     1.0261     1.0261     0.0000
 17   0     6.0203     6.0000    -0.0203     3.8872     3.8872    -0.0000
 18   0     0.9785     1.0000     0.0215     1.0251     1.0251     0.0000
 19   0     6.0191     6.0000    -0.0191     3.8828     3.8828     0.0000
 20   0     0.9785     1.0000     0.0215     1.0251     1.0251     0.0000
 21   0     6.0205     6.0000    -0.0205     3.8835     3.8835     0.0000
 22   0     0.9784     1.0000     0.0216     1.0251     1.0251     0.0000
      Bond orders larger than 0.1000000
           Atom A     A.N. of A          Atom B    A.N. of B              Bond order
                0             6               1            6                0.954449
                0             6               8            9                0.978537
                0             6               9            9                0.987927
                0             6              10            9                0.984093
                1             6               2            6                0.985458
                1             6               3            1                1.018257
                1             6               4            1                1.018728
                2             6               5            1                1.000001
                2             6               6            1                1.000206
                2             6               7            1                0.996363
               11             1              12            6                1.023575
               12             6              13            6                1.410156
               12             6              21            6                1.416003
               13             6              14            1                1.023492
               13             6              15            6                1.416125
               15             6              16            1                1.022040
               15             6              17            6                1.412361
               17             6              18            1                1.022668
               17             6              19            6                1.415870
               19             6              20            1                1.022491
               19             6              21            6                1.411828
               21             6              22            1                1.022753
# -----------------------------------------------------------
$ Calculation_Info
   description: Details of the calculation
   geom. index: 1
   prop. index: 1
     Multiplicity:                          1
     Charge:                                0
     number of atoms:                       23
     number of electrons:                   0
     number of frozen core electrons:       1
     number of correlated electrons:        0
     number of basis functions:             586
     number of aux C basis functions:       0
     number of aux J basis functions:       0
     number of aux JK basis functions:      2932
     number of aux CABS basis functions:    0
     Total Energy                           -648.641010
# -----------------------------------------------------------
$ SCF_Electric_Properties
   description: The SCF Calculated Electric Properties
   geom. index: 1
   prop. index: 1
       Filename                          : run_all_displaced_distances_job4.scfp 
       Do Dipole Moment Calculation      : true 
       Do Quadrupole Moment Calculation  : false 
       Do Polarizability Calculation     : false 
** Dipole moment part of electric properties **
        Magnitude of dipole moment (Debye) :        1.3103835378
        Electronic Contribution:
                  0    
      0      -2.158095
      1       0.350956
      2      -2.477029
        Nuclear Contribution:
                  0    
      0       2.189952
      1       0.114782
      2       2.695773
        Total Dipole moment:
                  0    
      0       0.031857
      1       0.465738
      2       0.218744
# -----------------------------------------------------------
$ EPRNMR_OrbitalShielding
   description: Orbital contribution to the NMR Shielding tensor (ppm)
   geom. index: 1
   prop. index: 1
 Number of stored nuclei 23
 Source density: 1 SCF 
 Nucleus: 3 H  
 Shielding tensor (ppm): 
                  0          1          2    
      0      32.759832  -2.163877   0.741281
      1      -3.651240  29.921683   2.192463
      2      -0.015323   1.977230  27.563804
 P Tensor eigenvectors:
                   0          1          2    
      0      -0.282098   0.482399  -0.829284
      1      -0.591199   0.593359   0.546269
      2       0.755582   0.644373   0.117808
 P Eigenvalues: 
                  0          1          2    
      0      25.814259  29.758540  34.672521
P(iso)  30.081773
 Nucleus: 4 H  
 Shielding tensor (ppm): 
                  0          1          2    
      0      26.120163   0.720736   0.407570
      1       1.116216  33.181133  -3.173057
      2       0.714962  -1.609915  31.085406
 P Tensor eigenvectors:
                   0          1          2    
      0       0.964715   0.257208  -0.056291
      1      -0.186877   0.518278  -0.834545
      2      -0.185477   0.815617   0.548057
 P Eigenvalues: 
                  0          1          2    
      0      25.839753  29.778385  34.768564
P(iso)  30.128901
 Nucleus: 5 H  
 Shielding tensor (ppm): 
                  0          1          2    
      0      26.714863   1.549824  -0.108151
      1       2.392992  30.057119  -0.543349
      2      -0.578167  -2.066508  35.280813
 P Tensor eigenvectors:
                   0          1          2    
      0       0.901198   0.422170  -0.098055
      1      -0.432471   0.861062  -0.267471
      2      -0.028487   0.283450   0.958564
 P Eigenvalues: 
                  0          1          2    
      0      25.795707  30.595290  35.661798
P(iso)  30.684265
 Nucleus: 6 H  
 Shielding tensor (ppm): 
                  0          1          2    
      0      35.508426  -0.317861   0.314907
      1       0.644826  28.170444   2.944864
      2       1.508010   1.990374  28.493283
 P Tensor eigenvectors:
                   0          1          2    
      0       0.052152   0.145906  -0.987923
      1       0.728529  -0.682177  -0.062291
      2      -0.683027  -0.716482  -0.141873
 P Eigenvalues: 
                  0          1          2    
      0      25.832704  30.681460  35.657988
P(iso)  30.724051
 Nucleus: 7 H  
 Shielding tensor (ppm): 
                  0          1          2    
      0      26.930661   1.072565   1.470614
      1       0.863366  35.504321   4.951966
      2       1.393684   5.136934  30.107070
 P Tensor eigenvectors:
                   0          1          2    
      0      -0.781673   0.609905   0.130401
      1      -0.231985  -0.478400   0.846946
      2       0.578940   0.631783   0.515441
 P Eigenvalues: 
                  0          1          2    
      0      26.156559  27.650258  38.735234
P(iso)  30.847351
 Nucleus: 11 H  
 Shielding tensor (ppm): 
                  0          1          2    
      0      26.373144   0.148057  -0.449831
      1       0.200997  22.536622  -1.042163
      2      -0.425038  -1.259565  22.237113
 P Tensor eigenvectors:
                   0          1          2    
      0      -0.042564   0.142678  -0.988854
      1      -0.651760  -0.754114  -0.080754
      2      -0.757230   0.641058   0.125090
 P Eigenvalues: 
                  0          1          2    
      0      21.217344  23.486787  26.442748
P(iso)  23.715627
 Nucleus: 14 H  
 Shielding tensor (ppm): 
                  0          1          2    
      0      24.209834   0.493989   2.027349
      1       0.320187  22.420536  -1.305236
      2       1.968769  -1.387739  24.479773
 P Tensor eigenvectors:
                   0          1          2    
      0      -0.449077   0.634049   0.629533
      1       0.704935   0.684344  -0.186389
      2       0.548996  -0.360077   0.754286
 P Eigenvalues: 
                  0          1          2    
      0      21.116880  23.511389  26.481875
P(iso)  23.703381
 Nucleus: 16 H  
 Shielding tensor (ppm): 
                  0          1          2    
      0      23.320185   1.456236  -0.784359
      1       1.282373  21.932097  -1.018240
      2      -0.828193  -0.972144  25.836961
 P Tensor eigenvectors:
                   0          1          2    
      0       0.489795   0.796751  -0.353961
      1      -0.866383   0.399466  -0.299680
      2      -0.097375   0.453447   0.885948
 P Eigenvalues: 
                  0          1          2    
      0      21.048987  23.544677  26.495578
P(iso)  23.696414
 Nucleus: 18 H  
 Shielding tensor (ppm): 
                  0          1          2    
      0      26.436975   0.487371  -0.395947
      1       0.464014  21.115700   0.220653
      2      -0.417260   0.457969  23.568160
 P Tensor eigenvectors:
                   0          1          2    
      0      -0.097636   0.112998  -0.988786
      1       0.983981   0.159866  -0.078893
      2      -0.149159   0.980650   0.126796
 P Eigenvalues: 
                  0          1          2    
      0      21.018144  23.575575  26.527115
P(iso)  23.706945
 Nucleus: 20 H  
 Shielding tensor (ppm): 
                  0          1          2    
      0      24.384850  -1.168210   1.367766
      1      -1.022325  21.419383  -0.530185
      2       1.400083  -0.359893  25.324825
 P Tensor eigenvectors:
                   0          1          2    
      0       0.315370  -0.732884   0.602846
      1       0.948957   0.246667  -0.196559
      2      -0.004647   0.634064   0.773267
 P Eigenvalues: 
                  0          1          2    
      0      21.058709  23.552907  26.517442
P(iso)  23.709686
 Nucleus: 22 H  
 Shielding tensor (ppm): 
                  0          1          2    
      0      23.537084  -0.518561  -1.471968
      1      -0.386316  22.311913  -1.535769
      2      -1.423225  -1.639106  25.294405
 P Tensor eigenvectors:
                   0          1          2    
      0       0.425008   0.818223  -0.387141
      1       0.784991  -0.546126  -0.292466
      2       0.450730   0.179602   0.874406
 P Eigenvalues: 
                  0          1          2    
      0      21.159297  23.518652  26.465454
P(iso)  23.714468
 Nucleus: 0 C  
 Shielding tensor (ppm): 
                  0          1          2    
      0      50.361668  -1.063961   4.454774
      1      -1.219267  48.756412  -0.801479
      2       4.270285  -0.612114  51.894429
 P Tensor eigenvectors:
                   0          1          2    
      0      -0.768135  -0.048812   0.638425
      1      -0.208848   0.961658  -0.177754
      2       0.605270   0.269872   0.748878
 P Eigenvalues: 
                  0          1          2    
      0      46.609057  48.614160  55.789292
P(iso)  50.337503
 Nucleus: 1 C  
 Shielding tensor (ppm): 
                  0          1          2    
      0     133.829582   0.137989   2.029934
      1      -2.086874 165.844818  10.643629
      2       0.533987  14.181215 139.317334
 P Tensor eigenvectors:
                   0          1          2    
      0      -0.771220   0.636364  -0.016122
      1      -0.241665  -0.269259   0.932254
      2       0.588912   0.722870   0.361445
 P Eigenvalues: 
                  0          1          2    
      0     132.541814 135.699746 170.750174
P(iso)  146.330578
 Nucleus: 2 C  
 Shielding tensor (ppm): 
                  0          1          2    
      0     173.579358   1.445609  11.508538
      1      -0.516379 170.948580   1.479400
      2      10.652416   3.597656 180.964953
 P Tensor eigenvectors:
                   0          1          2    
      0       0.782659   0.241005   0.573900
      1       0.203022  -0.970419   0.130649
      2      -0.588411  -0.014261   0.808436
 P Eigenvalues: 
                  0          1          2    
      0     165.363491 170.880193 189.249207
P(iso)  175.164297
 Nucleus: 12 C  
 Shielding tensor (ppm): 
                  0          1          2    
      0      28.699403  -2.864581 -16.008121
      1      -3.997341 158.018615  65.067075
      2     -16.526130  68.941146 -49.718156
 P Tensor eigenvectors:
                   0          1          2    
      0       0.988026  -0.143265  -0.057273
      1       0.093046   0.257159   0.961879
      2      -0.123075  -0.955691   0.267410
 P Eigenvalues: 
                  0          1          2    
      0      30.421929 -71.506997 178.084931
P(iso)  45.666621
 Nucleus: 13 C  
 Shielding tensor (ppm): 
                  0          1          2    
      0     -32.934307 -21.012553  45.245247
      1     -17.352023 160.819442  52.912207
      2      46.420181  55.222500   8.714202
 P Tensor eigenvectors:
                   0          1          2    
      0      -0.615485   0.788135   0.004616
      1       0.223684   0.180293  -0.957841
      2      -0.755741  -0.588504  -0.287261
 P Eigenvalues: 
                  0          1          2    
      0      30.187203 -71.653011 178.065144
P(iso)  45.533112
 Nucleus: 15 C  
 Shielding tensor (ppm): 
                  0          1          2    
      0     -58.162336   4.581242 -35.153094
      1       8.863547 161.602932  49.669862
      2     -33.735664  48.151700  32.719388
 P Tensor eigenvectors:
                   0          1          2    
      0      -0.365847   0.930674   0.000860
      1      -0.307088  -0.121588   0.943882
      2       0.878552   0.345053   0.330281
 P Eigenvalues: 
                  0          1          2    
      0      29.970380 -71.840702 178.030306
P(iso)  45.386661
 Nucleus: 17 C  
 Shielding tensor (ppm): 
                  0          1          2    
      0      28.711365  -1.480710 -15.922384
      1      -1.187744 148.930755  81.375621
      2     -15.556395  77.164830 -40.661286
 P Tensor eigenvectors:
                   0          1          2    
      0       0.988949  -0.142115  -0.042236
      1       0.090478   0.352842   0.931298
      2      -0.117449  -0.924828   0.361801
 P Eigenvalues: 
                  0          1          2    
      0      30.471355 -71.394565 177.904045
P(iso)  45.660278
 Nucleus: 19 C  
 Shielding tensor (ppm): 
                  0          1          2    
      0     -31.095762 -28.503179  42.644885
      1     -31.745104 154.059364  62.573118
      2      41.534708  60.007818  13.904832
 P Tensor eigenvectors:
                   0          1          2    
      0      -0.622345   0.778205  -0.084164
      1       0.220929   0.277791   0.934892
      2      -0.750917  -0.563231   0.344810
 P Eigenvalues: 
                  0          1          2    
      0      30.603692 -71.632377 177.897119
P(iso)  45.622811
 Nucleus: 21 C  
 Shielding tensor (ppm): 
                  0          1          2    
      0     -55.971397  -3.399185 -38.171247
      1      -7.550861 163.638980  43.254629
      2     -39.584008  45.030223  29.830002
 P Tensor eigenvectors:
                   0          1          2    
      0      -0.373043   0.923152  -0.092892
      1      -0.306625  -0.028171   0.951413
      2       0.875682   0.383401   0.293570
 P Eigenvalues: 
                  0          1          2    
      0      30.912914 -71.373894 177.958566
P(iso)  45.832529
 Nucleus: 8 F  
 Shielding tensor (ppm): 
                  0          1          2    
      0     301.490875  25.100563 -33.047402
      1      10.194171 207.325202 -53.458054
      2     -18.049122 -52.639999 268.416005
 P Tensor eigenvectors:
                   0          1          2    
      0       0.027010  -0.704692  -0.708999
      1      -0.868235   0.334968  -0.366010
      2      -0.495417  -0.625464   0.602791
 P Eigenvalues: 
                  0          1          2    
      0     176.607083 269.362151 331.262849
P(iso)  259.077361
 Nucleus: 9 F  
 Shielding tensor (ppm): 
                  0          1          2    
      0     309.503969  -8.607953 -23.814445
      1      -0.738066 200.069349 -41.072853
      2     -41.424744 -34.110435 282.499068
 P Tensor eigenvectors:
                   0          1          2    
      0      -0.134850   0.592925  -0.793886
      1      -0.912812  -0.386027  -0.133259
      2      -0.385474   0.706699   0.593285
 P Eigenvalues: 
                  0          1          2    
      0     183.311597 275.022539 333.738251
P(iso)  264.024129
 Nucleus: 10 F  
 Shielding tensor (ppm): 
                  0          1          2    
      0     280.578177  18.156164  38.742105
      1      15.866483 163.225559 -16.195026
      2      38.598138 -15.979077 298.404665
 P Tensor eigenvectors:
                   0          1          2    
      0      -0.186886  -0.762338   0.619608
      1       0.969095  -0.246446  -0.010918
      2       0.161023   0.598418   0.784836
 P Eigenvalues: 
                  0          1          2    
      0     157.319333 255.689008 329.200060
P(iso)  247.402800
# -------------------------------------------------------------
----------------------- !GEOMETRIES! ------------------------
# -------------------------------------------------------------
------------------------ !GEOMETRY! -------------------------
    Number of atoms:    23 
    Geometry Index:     1 
    Coordinates:
               0 C     -2.598351000000    0.884059000000    1.085800000000
               1 C     -2.665769000000    2.270910000000    1.587320000000
               2 C     -1.778420000000    2.397030000000    2.814410000000
               3 H     -3.704272000000    2.510719000000    1.828566000000
               4 H     -2.339358000000    2.951068000000    0.796194000000
               5 H     -2.110330000000    1.742989000000    3.620683000000
               6 H     -0.739180000000    2.160654000000    2.583635000000
               7 H     -1.798360000000    3.419775000000    3.198868000000
               8 F     -3.058540000000    0.184425000000    2.138736000000
               9 F     -1.306018000000    0.743549000000    0.769943000000
              10 F     -3.437739000000    0.912349000000    0.020896000000
              11 H     -2.019092000000   -3.097667000000    2.255517000000
              12 C     -2.173571000000   -2.799295000000    1.225067000000
              13 C     -3.469061000000   -2.694565000000    0.715398000000
              14 H     -4.320502000000   -2.914182000000    1.348486000000
              15 C     -3.669450000000   -2.271675000000   -0.599692000000
              16 H     -4.676006000000   -2.163878000000   -0.985500000000
              17 C     -2.574581000000   -1.949744000000   -1.403314000000
              18 H     -2.730800000000   -1.589189000000   -2.413267000000
              19 C     -1.279221000000   -2.056745000000   -0.894292000000
              20 H     -0.431512000000   -1.777359000000   -1.508988000000
              21 C     -1.078600000000   -2.483525000000    0.419208000000
              22 H     -0.074703000000   -2.536580000000    0.824702000000
