-------------------------------------------------------------
----------------------- !PROPERTIES! ------------------------
-------------------------------------------------------------
# -----------------------------------------------------------
$ PAL_Flags
   description: The PAL Flags
   geom. index: 1
   prop. index: 1
        Diskflag:     2
# -----------------------------------------------------------
$ SCF_Energy
   description: The SCF energy
   geom. index: 1
   prop. index: 1
        SCF Energy:     -648.6427226775
# -----------------------------------------------------------
$ DFT_Energy
   description: The DFT energy
   geom. index: 1
   prop. index: 1
   Number of Alpha Electrons                 45.9999877441 
   Number of Beta  Electrons                 45.9999877441 
   Total number of  Electrons                91.9999754882 
   Exchange energy                          -60.4323276267 
   Correlation energy                        -3.0767989149 
   Correlation energy NL                      0.0000000000 
   Exchange-Correlation energy              -63.5091265416 
   Embedding correction                       0.0000000000 
   Total DFT Energy (No VdW correction)    -648.6427226775 
# -----------------------------------------------------------
$ Mayer_Pop
   description: The Mayer population analysis
   geom. index: 1
   prop. index: 1
     Number of atoms                     : 23
     Threshold for printing              : 0.1000000
     Number of bond orders printed       : 22
  NA   - Mulliken gross atomic population
  ZA   - Total nuclear charge
  QA   - Mulliken gross atomic charge
  VA   - Mayer's total valence
  BVA  - Mayer's bonded valence
  FA   - Mayer's free valence
  ATOM       NA         ZA         QA         VA         BVA        FA
  0   0     5.2986     6.0000     0.7014     4.0497     4.0497     0.0000
  1   0     6.0776     6.0000    -0.0776     3.9871     3.9871     0.0000
  2   0     6.1082     6.0000    -0.1082     3.9568     3.9568    -0.0000
  3   0     0.9609     1.0000     0.0391     1.0274     1.0274     0.0000
  4   0     0.9615     1.0000     0.0385     1.0270     1.0270     0.0000
  5   0     0.9543     1.0000     0.0457     1.0197     1.0197    -0.0000
  6   0     0.9556     1.0000     0.0444     1.0205     1.0205    -0.0000
  7   0     0.9653     1.0000     0.0347     1.0140     1.0140    -0.0000
  8   0     9.2391     9.0000    -0.2391     1.0361     1.0361    -0.0000
  9   0     9.2352     9.0000    -0.2352     1.0450     1.0450     0.0000
 10   0     9.2438     9.0000    -0.2438     1.0297     1.0297    -0.0000
 11   0     0.9740     1.0000     0.0260     1.0220     1.0220    -0.0000
 12   0     6.0262     6.0000    -0.0262     3.8835     3.8835    -0.0000
 13   0     6.0261     6.0000    -0.0261     3.8842     3.8842    -0.0000
 14   0     0.9741     1.0000     0.0259     1.0220     1.0220    -0.0000
 15   0     6.0252     6.0000    -0.0252     3.8844     3.8844    -0.0000
 16   0     0.9740     1.0000     0.0260     1.0220     1.0220    -0.0000
 17   0     6.0262     6.0000    -0.0262     3.8844     3.8844    -0.0000
 18   0     0.9741     1.0000     0.0259     1.0220     1.0220    -0.0000
 19   0     6.0259     6.0000    -0.0259     3.8840     3.8840    -0.0000
 20   0     0.9740     1.0000     0.0260     1.0219     1.0219    -0.0000
 21   0     6.0261     6.0000    -0.0261     3.8840     3.8840    -0.0000
 22   0     0.9740     1.0000     0.0260     1.0219     1.0219    -0.0000
      Bond orders larger than 0.1000000
           Atom A     A.N. of A          Atom B    A.N. of B              Bond order
                0             6               1            6                1.009919
                0             6               8            9                1.004327
                0             6               9            9                1.012922
                0             6              10            9                1.004084
                1             6               2            6                0.967262
                1             6               3            1                0.999110
                1             6               4            1                0.998770
                2             6               5            1                1.000326
                2             6               6            1                1.000508
                2             6               7            1                0.995187
               11             1              12            6                1.022420
               12             6              13            6                1.415076
               12             6              21            6                1.415380
               13             6              14            1                1.022436
               13             6              15            6                1.415718
               15             6              16            1                1.022249
               15             6              17            6                1.415651
               17             6              18            1                1.022313
               17             6              19            6                1.415390
               19             6              20            1                1.022310
               19             6              21            6                1.415501
               21             6              22            1                1.022284
# -----------------------------------------------------------
$ Calculation_Info
   description: Details of the calculation
   geom. index: 1
   prop. index: 1
     Multiplicity:                          1
     Charge:                                0
     number of atoms:                       23
     number of electrons:                   0
     number of frozen core electrons:       1
     number of correlated electrons:        0
     number of basis functions:             586
     number of aux C basis functions:       0
     number of aux J basis functions:       0
     number of aux JK basis functions:      2932
     number of aux CABS basis functions:    0
     Total Energy                           -648.642723
# -----------------------------------------------------------
$ SCF_Electric_Properties
   description: The SCF Calculated Electric Properties
   geom. index: 1
   prop. index: 1
       Filename                          : run_all_displaced_distances_job18.scfp 
       Do Dipole Moment Calculation      : true 
       Do Quadrupole Moment Calculation  : false 
       Do Polarizability Calculation     : false 
** Dipole moment part of electric properties **
        Magnitude of dipole moment (Debye) :        1.3600854266
        Electronic Contribution:
                  0    
      0      -2.056643
      1       7.623042
      2       0.902113
        Nuclear Contribution:
                  0    
      0       2.097779
      1      -7.144316
      2      -0.666638
        Total Dipole moment:
                  0    
      0       0.041136
      1       0.478726
      2       0.235476
# -----------------------------------------------------------
$ EPRNMR_OrbitalShielding
   description: Orbital contribution to the NMR Shielding tensor (ppm)
   geom. index: 1
   prop. index: 1
 Number of stored nuclei 23
 Source density: 1 SCF 
 Nucleus: 3 H  
 Shielding tensor (ppm): 
                  0          1          2    
      0      32.871751  -2.010356   0.792033
      1      -3.224071  28.828405   1.708234
      2       0.139668   1.556887  27.545060
 P Tensor eigenvectors:
                   0          1          2    
      0      -0.285024   0.341407  -0.895658
      1      -0.648579   0.619326   0.442471
      2       0.705767   0.707019   0.044906
 P Eigenvalues: 
                  0          1          2    
      0      25.867984  29.206012  34.171221
P(iso)  29.748406
 Nucleus: 4 H  
 Shielding tensor (ppm): 
                  0          1          2    
      0      26.252868   0.780982   0.412566
      1       1.114869  31.887117  -3.334232
      2       0.691919  -2.005454  31.198969
 P Tensor eigenvectors:
                   0          1          2    
      0       0.942186   0.331987  -0.045492
      1      -0.252132   0.612946  -0.748817
      2      -0.220713   0.716995   0.661214
 P Eigenvalues: 
                  0          1          2    
      0      25.874788  29.214382  34.249784
P(iso)  29.779651
 Nucleus: 5 H  
 Shielding tensor (ppm): 
                  0          1          2    
      0      26.866002   1.570522  -0.097219
      1       2.288519  29.435516  -1.511479
      2      -0.602079  -2.504977  35.031023
 P Tensor eigenvectors:
                   0          1          2    
      0       0.860938   0.495887  -0.113495
      1      -0.502921   0.796130  -0.336522
      2      -0.076520   0.346804   0.934811
 P Eigenvalues: 
                  0          1          2    
      0      25.784315  29.770954  35.777272
P(iso)  30.444180
 Nucleus: 6 H  
 Shielding tensor (ppm): 
                  0          1          2    
      0      35.697638  -0.420001   0.294547
      1       0.109835  27.342086   2.267323
      2       1.305398   1.587950  28.372959
 P Tensor eigenvectors:
                   0          1          2    
      0       0.060737   0.081298  -0.994838
      1       0.790115  -0.612956  -0.001853
      2      -0.609942  -0.785923  -0.101464
 P Eigenvalues: 
                  0          1          2    
      0      25.824318  29.804511  35.783854
P(iso)  30.470894
 Nucleus: 7 H  
 Shielding tensor (ppm): 
                  0          1          2    
      0      27.008793   1.072524   1.470123
      1       0.775481  34.980817   4.561564
      2       1.359062   4.886668  30.024004
 P Tensor eigenvectors:
                   0          1          2    
      0      -0.782470   0.607904   0.134882
      1      -0.230223  -0.483694   0.844416
      2       0.578565   0.629677   0.518430
 P Eigenvalues: 
                  0          1          2    
      0      26.234245  27.731358  38.048011
P(iso)  30.671205
 Nucleus: 11 H  
 Shielding tensor (ppm): 
                  0          1          2    
      0      26.946896   0.416180  -0.468839
      1       0.428372  21.393150  -0.675072
      2      -0.456250  -0.840134  22.791322
 P Tensor eigenvectors:
                   0          1          2    
      0      -0.034954   0.149146  -0.988197
      1       0.918712  -0.384416  -0.090515
      2       0.393379   0.911032   0.123585
 P Eigenvalues: 
                  0          1          2    
      0      21.054299  23.033673  27.043395
P(iso)  23.710456
 Nucleus: 14 H  
 Shielding tensor (ppm): 
                  0          1          2    
      0      24.557490  -0.240202   1.986405
      1      -0.342552  21.500134  -1.289952
      2       1.952780  -1.358704  25.074565
 P Tensor eigenvectors:
                   0          1          2    
      0      -0.127083  -0.774772   0.619336
      1       0.922928  -0.321120  -0.212334
      2       0.363392   0.544619   0.755868
 P Eigenvalues: 
                  0          1          2    
      0      21.019644  23.051661  27.060883
P(iso)  23.710730
 Nucleus: 16 H  
 Shielding tensor (ppm): 
                  0          1          2    
      0      23.575814   0.781703  -1.183988
      1       0.690822  21.535470  -1.620279
      2      -1.213160  -1.585733  26.025528
 P Tensor eigenvectors:
                   0          1          2    
      0       0.147284   0.919190  -0.365235
      1      -0.952368   0.032103  -0.303255
      2      -0.267024   0.392503   0.880136
 P Eigenvalues: 
                  0          1          2    
      0      20.972301  23.089311  27.075200
P(iso)  23.712271
 Nucleus: 18 H  
 Shielding tensor (ppm): 
                  0          1          2    
      0      26.975678   0.491780  -0.433098
      1       0.456759  21.097081  -0.578775
      2      -0.450682  -0.415607  23.063173
 P Tensor eigenvectors:
                   0          1          2    
      0      -0.061236   0.135988  -0.988816
      1       0.974612  -0.205612  -0.088634
      2       0.215366   0.969139   0.119945
 P Eigenvalues: 
                  0          1          2    
      0      20.956643  23.107558  27.071730
P(iso)  23.711977
 Nucleus: 20 H  
 Shielding tensor (ppm): 
                  0          1          2    
      0      24.593010  -0.641354   1.828966
      1      -0.522478  21.297869  -1.203612
      2       1.858681  -1.101478  25.243843
 P Tensor eigenvectors:
                   0          1          2    
      0       0.030002  -0.787361   0.615762
      1       0.968204  -0.130174  -0.213626
      2       0.248357   0.602592   0.758421
 P Eigenvalues: 
                  0          1          2    
      0      20.983615  23.085399  27.065707
P(iso)  23.711574
 Nucleus: 22 H  
 Shielding tensor (ppm): 
                  0          1          2    
      0      23.602527   0.310957  -1.360983
      1       0.415323  21.634050  -1.684363
      2      -1.322253  -1.730440  25.887924
 P Tensor eigenvectors:
                   0          1          2    
      0      -0.047377   0.926424  -0.373490
      1      -0.938164  -0.169641  -0.301780
      2      -0.342935   0.336097   0.877174
 P Eigenvalues: 
                  0          1          2    
      0      21.028787  23.049121  27.046592
P(iso)  23.708167
 Nucleus: 0 C  
 Shielding tensor (ppm): 
                  0          1          2    
      0      50.407114  -0.899588   4.524608
      1      -0.854392  44.971548  -2.145529
      2       4.411681  -1.870392  51.446890
 P Tensor eigenvectors:
                   0          1          2    
      0      -0.112153  -0.758273   0.642217
      1       0.935808  -0.297956  -0.188377
      2       0.334193   0.579865   0.743015
 P Eigenvalues: 
                  0          1          2    
      0      44.356323  46.642488  55.826740
P(iso)  48.941851
 Nucleus: 1 C  
 Shielding tensor (ppm): 
                  0          1          2    
      0     134.264212   0.168217   2.114467
      1      -2.003367 164.502777   9.990656
      2       0.657517  13.521883 139.534613
 P Tensor eigenvectors:
                   0          1          2    
      0      -0.770260   0.637576  -0.014034
      1      -0.241522  -0.271277   0.931706
      2       0.590226   0.721045   0.362942
 P Eigenvalues: 
                  0          1          2    
      0     132.910753 136.222241 169.168608
P(iso)  146.100534
 Nucleus: 2 C  
 Shielding tensor (ppm): 
                  0          1          2    
      0     173.860062   1.491589  11.485259
      1      -0.748605 170.167775   0.679943
      2      10.521958   3.155331 180.924738
 P Tensor eigenvectors:
                   0          1          2    
      0       0.785396   0.209087   0.582611
      1       0.187734  -0.977351   0.097675
      2      -0.589839  -0.032662   0.806860
 P Eigenvalues: 
                  0          1          2    
      0     165.677668 170.160976 189.113930
P(iso)  174.984192
 Nucleus: 12 C  
 Shielding tensor (ppm): 
                  0          1          2    
      0      30.912853  -2.420296 -15.810784
      1      -3.232321 156.745412  64.240104
      2     -16.355572  68.755523 -49.321255
 P Tensor eigenvectors:
                   0          1          2    
      0       0.988403  -0.142017  -0.053769
      1       0.088988   0.254771   0.962898
      2      -0.123049  -0.956516   0.264454
 P Eigenvalues: 
                  0          1          2    
      0      32.653143 -70.902647 176.586515
P(iso)  46.112337
 Nucleus: 13 C  
 Shielding tensor (ppm): 
                  0          1          2    
      0     -31.375916 -21.684274  46.051512
      1     -17.788069 159.743256  51.583476
      2      47.259648  54.481845   9.822307
 P Tensor eigenvectors:
                   0          1          2    
      0      -0.617327   0.786691   0.005082
      1       0.219766   0.178648  -0.959056
      2      -0.755388  -0.590934  -0.283172
 P Eigenvalues: 
                  0          1          2    
      0      32.623047 -71.013180 176.579779
P(iso)  46.063216
 Nucleus: 15 C  
 Shielding tensor (ppm): 
                  0          1          2    
      0     -56.860547   4.489382 -36.050761
      1       9.222771 160.499368  48.826980
      2     -34.473921  46.917362  34.635718
 P Tensor eigenvectors:
                   0          1          2    
      0      -0.368079   0.929792   0.002405
      1      -0.308431  -0.124539   0.943059
      2       0.877148   0.346378   0.332616
 P Eigenvalues: 
                  0          1          2    
      0      32.636619 -70.942906 176.580826
P(iso)  46.091513
 Nucleus: 17 C  
 Shielding tensor (ppm): 
                  0          1          2    
      0      30.726375  -1.050682 -16.317291
      1      -0.425258 148.092715  80.721028
      2     -15.760163  76.072388 -40.494414
 P Tensor eigenvectors:
                   0          1          2    
      0       0.988820  -0.143956  -0.038871
      1       0.088131   0.353944   0.931105
      2      -0.120280  -0.924121   0.362674
 P Eigenvalues: 
                  0          1          2    
      0      32.632045 -70.870242 176.562874
P(iso)  46.108225
 Nucleus: 19 C  
 Shielding tensor (ppm): 
                  0          1          2    
      0     -30.102828 -28.280948  43.373580
      1     -32.132432 153.317810  61.407762
      2      42.121124  58.643867  15.162997
 P Tensor eigenvectors:
                   0          1          2    
      0      -0.619819   0.779850  -0.087511
      1       0.219134   0.279080   0.934930
      2      -0.753528  -0.560311   0.343871
 P Eigenvalues: 
                  0          1          2    
      0      32.719709 -70.884563 176.542833
P(iso)  46.125993
 Nucleus: 21 C  
 Shielding tensor (ppm): 
                  0          1          2    
      0     -55.498184  -2.762714 -38.281872
      1      -7.583080 162.453482  42.430458
      2     -39.903114  44.306157  31.480789
 P Tensor eigenvectors:
                   0          1          2    
      0      -0.370848   0.923714  -0.096046
      1      -0.308151  -0.024831   0.951013
      2       0.876079   0.382277   0.293852
 P Eigenvalues: 
                  0          1          2    
      0      32.759086 -70.847358 176.524359
P(iso)  46.145362
 Nucleus: 8 F  
 Shielding tensor (ppm): 
                  0          1          2    
      0     304.857580  26.132572 -35.343486
      1      13.607722 206.349480 -62.550293
      2     -18.620369 -56.958326 273.241712
 P Tensor eigenvectors:
                   0          1          2    
      0      -0.031209  -0.735639   0.676655
      1       0.868293   0.315363   0.382901
      2       0.495069  -0.599485  -0.628908
 P Eigenvalues: 
                  0          1          2    
      0     171.224571 273.274377 339.949823
P(iso)  261.482924
 Nucleus: 9 F  
 Shielding tensor (ppm): 
                  0          1          2    
      0     317.267690  -8.231239 -24.666055
      1      -4.716430 195.359753 -42.490439
      2     -43.679705 -36.716049 284.473350
 P Tensor eigenvectors:
                   0          1          2    
      0      -0.132112   0.561107  -0.817132
      1      -0.915707  -0.384705  -0.116119
      2      -0.379510   0.732913   0.564634
 P Eigenvalues: 
                  0          1          2    
      0     177.803435 278.630621 340.666738
P(iso)  265.700264
 Nucleus: 10 F  
 Shielding tensor (ppm): 
                  0          1          2    
      0     284.643735  17.846207  41.704268
      1      18.987976 158.003459 -15.790431
      2      41.753330 -18.548548 303.793137
 P Tensor eigenvectors:
                   0          1          2    
      0      -0.183517  -0.762441   0.620488
      1       0.969424  -0.244973  -0.014298
      2       0.162904   0.598893   0.784085
 P Eigenvalues: 
                  0          1          2    
      0     151.666482 257.721522 337.052328
P(iso)  248.813444
# -------------------------------------------------------------
----------------------- !GEOMETRIES! ------------------------
# -------------------------------------------------------------
------------------------ !GEOMETRY! -------------------------
    Number of atoms:    23 
    Geometry Index:     1 
    Coordinates:
               0 C     -2.598351000000    0.884059000000    1.085800000000
               1 C     -2.665769000000    2.270910000000    1.587320000000
               2 C     -1.778420000000    2.397030000000    2.814410000000
               3 H     -3.704272000000    2.510719000000    1.828566000000
               4 H     -2.339358000000    2.951068000000    0.796194000000
               5 H     -2.110330000000    1.742989000000    3.620683000000
               6 H     -0.739180000000    2.160654000000    2.583635000000
               7 H     -1.798360000000    3.419775000000    3.198868000000
               8 F     -3.058540000000    0.184425000000    2.138736000000
               9 F     -1.306018000000    0.743549000000    0.769943000000
              10 F     -3.437739000000    0.912349000000    0.020896000000
              11 H     -2.059415000000   -6.273303000000    0.784563000000
              12 C     -2.213894000000   -5.974931000000   -0.245887000000
              13 C     -3.509384000000   -5.870202000000   -0.755556000000
              14 H     -4.360825000000   -6.089819000000   -0.122468000000
              15 C     -3.709773000000   -5.447311000000   -2.070646000000
              16 H     -4.716329000000   -5.339515000000   -2.456453000000
              17 C     -2.614904000000   -5.125381000000   -2.874267000000
              18 H     -2.771123000000   -4.764826000000   -3.884221000000
              19 C     -1.319544000000   -5.232382000000   -2.365246000000
              20 H     -0.471835000000   -4.952996000000   -2.979941000000
              21 C     -1.118923000000   -5.659161000000   -1.051746000000
              22 H     -0.115026000000   -5.712217000000   -0.646252000000
