-------------------------------------------------------------
----------------------- !PROPERTIES! ------------------------
-------------------------------------------------------------
# -----------------------------------------------------------
$ PAL_Flags
   description: The PAL Flags
   geom. index: 1
   prop. index: 1
        Diskflag:     2
# -----------------------------------------------------------
$ SCF_Energy
   description: The SCF energy
   geom. index: 1
   prop. index: 1
        SCF Energy:     -648.6431616925
# -----------------------------------------------------------
$ DFT_Energy
   description: The DFT energy
   geom. index: 1
   prop. index: 1
   Number of Alpha Electrons                 46.0000207508 
   Number of Beta  Electrons                 46.0000207508 
   Total number of  Electrons                92.0000415016 
   Exchange energy                          -60.4331169613 
   Correlation energy                        -3.0777513517 
   Correlation energy NL                      0.0000000000 
   Exchange-Correlation energy              -63.5108683130 
   Embedding correction                       0.0000000000 
   Total DFT Energy (No VdW correction)    -648.6431616925 
# -----------------------------------------------------------
$ Mayer_Pop
   description: The Mayer population analysis
   geom. index: 1
   prop. index: 1
     Number of atoms                     : 23
     Threshold for printing              : 0.1000000
     Number of bond orders printed       : 22
  NA   - Mulliken gross atomic population
  ZA   - Total nuclear charge
  QA   - Mulliken gross atomic charge
  VA   - Mayer's total valence
  BVA  - Mayer's bonded valence
  FA   - Mayer's free valence
  ATOM       NA         ZA         QA         VA         BVA        FA
  0   0     5.2353     6.0000     0.7647     3.9025     3.9025    -0.0000
  1   0     6.1122     6.0000    -0.1122     4.0141     4.0141     0.0000
  2   0     6.1089     6.0000    -0.1089     3.9574     3.9574     0.0000
  3   0     0.9638     1.0000     0.0362     1.0289     1.0289     0.0000
  4   0     0.9645     1.0000     0.0355     1.0284     1.0284     0.0000
  5   0     0.9556     1.0000     0.0444     1.0197     1.0197    -0.0000
  6   0     0.9569     1.0000     0.0431     1.0206     1.0206    -0.0000
  7   0     0.9648     1.0000     0.0352     1.0167     1.0167     0.0000
  8   0     9.2458     9.0000    -0.2458     1.0259     1.0259     0.0000
  9   0     9.2417     9.0000    -0.2417     1.0353     1.0353     0.0000
 10   0     9.2494     9.0000    -0.2494     1.0197     1.0197    -0.0000
 11   0     0.9763     1.0000     0.0237     1.0237     1.0237     0.0000
 12   0     6.0265     6.0000    -0.0265     3.8876     3.8876     0.0000
 13   0     6.0246     6.0000    -0.0246     3.8879     3.8879     0.0000
 14   0     0.9764     1.0000     0.0236     1.0237     1.0237    -0.0000
 15   0     6.0208     6.0000    -0.0208     3.8877     3.8877     0.0000
 16   0     0.9766     1.0000     0.0234     1.0235     1.0235     0.0000
 17   0     6.0232     6.0000    -0.0232     3.8896     3.8896    -0.0000
 18   0     0.9764     1.0000     0.0236     1.0232     1.0232    -0.0000
 19   0     6.0237     6.0000    -0.0237     3.8874     3.8874    -0.0000
 20   0     0.9763     1.0000     0.0237     1.0231     1.0231     0.0000
 21   0     6.0239     6.0000    -0.0239     3.8863     3.8863     0.0000
 22   0     0.9763     1.0000     0.0237     1.0232     1.0232     0.0000
      Bond orders larger than 0.1000000
           Atom A     A.N. of A          Atom B    A.N. of B              Bond order
                0             6               1            6                0.973396
                0             6               8            9                0.980399
                0             6               9            9                0.989385
                0             6              10            9                0.984123
                1             6               2            6                0.979232
                1             6               3            1                1.012880
                1             6               4            1                1.013114
                2             6               5            1                1.000369
                2             6               6            1                1.000583
                2             6               7            1                0.996406
               11             1              12            6                1.021890
               12             6              13            6                1.416095
               12             6              21            6                1.416007
               13             6              14            1                1.021754
               13             6              15            6                1.416185
               15             6              16            1                1.020856
               15             6              17            6                1.417380
               17             6              18            1                1.021096
               17             6              19            6                1.416289
               19             6              20            1                1.021248
               19             6              21            6                1.416740
               21             6              22            1                1.021302
# -----------------------------------------------------------
$ Calculation_Info
   description: Details of the calculation
   geom. index: 1
   prop. index: 1
     Multiplicity:                          1
     Charge:                                0
     number of atoms:                       23
     number of electrons:                   0
     number of frozen core electrons:       1
     number of correlated electrons:        0
     number of basis functions:             586
     number of aux C basis functions:       0
     number of aux J basis functions:       0
     number of aux JK basis functions:      2932
     number of aux CABS basis functions:    0
     Total Energy                           -648.643162
# -----------------------------------------------------------
$ SCF_Electric_Properties
   description: The SCF Calculated Electric Properties
   geom. index: 1
   prop. index: 1
       Filename                          : run_all_displaced_distances_job6.scfp 
       Do Dipole Moment Calculation      : true 
       Do Quadrupole Moment Calculation  : false 
       Do Polarizability Calculation     : false 
** Dipole moment part of electric properties **
        Magnitude of dipole moment (Debye) :        1.2954976789
        Electronic Contribution:
                  0    
      0      -2.141861
      1       1.381257
      2      -1.996682
        Nuclear Contribution:
                  0    
      0       2.176783
      1      -0.922234
      2       2.215428
        Total Dipole moment:
                  0    
      0       0.034922
      1       0.459023
      2       0.218746
# -----------------------------------------------------------
$ EPRNMR_OrbitalShielding
   description: Orbital contribution to the NMR Shielding tensor (ppm)
   geom. index: 1
   prop. index: 1
 Number of stored nuclei 23
 Source density: 1 SCF 
 Nucleus: 3 H  
 Shielding tensor (ppm): 
                  0          1          2    
      0      32.790804  -2.126542   0.749800
      1      -3.513929  29.622818   2.069585
      2       0.034418   1.864699  27.555450
 P Tensor eigenvectors:
                   0          1          2    
      0      -0.282035   0.445763  -0.849560
      1      -0.603935   0.605559   0.518229
      2       0.745466   0.659237   0.098423
 P Eigenvalues: 
                  0          1          2    
      0      25.829045  29.632329  34.507698
P(iso)  29.989691
 Nucleus: 4 H  
 Shielding tensor (ppm): 
                  0          1          2    
      0      26.148652   0.741069   0.405726
      1       1.118587  32.823445  -3.193738
      2       0.704399  -1.724235  31.122690
 P Tensor eigenvectors:
                   0          1          2    
      0       0.960528   0.272848  -0.054223
      1      -0.201320   0.547277  -0.812378
      2      -0.191981   0.791228   0.580604
 P Eigenvalues: 
                  0          1          2    
      0      25.848110  29.649553  34.597123
P(iso)  30.031596
 Nucleus: 5 H  
 Shielding tensor (ppm): 
                  0          1          2    
      0      26.753327   1.556294  -0.095266
      1       2.358725  29.900241  -0.821379
      2      -0.581992  -2.177191  35.210372
 P Tensor eigenvectors:
                   0          1          2    
      0       0.893186   0.437836  -0.102558
      1      -0.447888   0.845785  -0.289904
      2      -0.040189   0.304873   0.951545
 P Eigenvalues: 
                  0          1          2    
      0      25.802412  30.376725  35.684803
P(iso)  30.621313
 Nucleus: 6 H  
 Shielding tensor (ppm): 
                  0          1          2    
      0      35.559068  -0.343339   0.316861
      1       0.476250  27.950769   2.757201
      2       1.453426   1.888865  28.460641
 P Tensor eigenvectors:
                   0          1          2    
      0       0.055328   0.124260  -0.990706
      1       0.742692  -0.668293  -0.042344
      2      -0.667344  -0.733447  -0.129262
 P Eigenvalues: 
                  0          1          2    
      0      25.838494  30.447453  35.684531
P(iso)  30.656826
 Nucleus: 7 H  
 Shielding tensor (ppm): 
                  0          1          2    
      0      26.950032   1.076272   1.469410
      1       0.840104  35.369671   4.850174
      2       1.382051   5.075076  30.085006
 P Tensor eigenvectors:
                   0          1          2    
      0      -0.782063   0.609176   0.131464
      1      -0.231381  -0.479701   0.846375
      2       0.578654   0.631500   0.516108
 P Eigenvalues: 
                  0          1          2    
      0      26.177991  27.667970  38.558749
P(iso)  30.801570
 Nucleus: 11 H  
 Shielding tensor (ppm): 
                  0          1          2    
      0      26.497317   0.237503  -0.457474
      1       0.265458  22.256201  -0.898714
      2      -0.433257  -1.115841  22.368420
 P Tensor eigenvectors:
                   0          1          2    
      0      -0.024708   0.150509  -0.988300
      1      -0.720481  -0.688025  -0.086768
      2      -0.693034   0.709908   0.125439
 P Eigenvalues: 
                  0          1          2    
      0      21.300486  23.245551  26.575901
P(iso)  23.707313
 Nucleus: 14 H  
 Shielding tensor (ppm): 
                  0          1          2    
      0      24.287005   0.280778   2.015068
      1       0.125912  22.183256  -1.260525
      2       1.959931  -1.360077  24.625061
 P Tensor eigenvectors:
                   0          1          2    
      0       0.384144  -0.677738   0.626981
      1      -0.765555  -0.613415  -0.194028
      2      -0.516100   0.405454   0.754486
 P Eigenvalues: 
                  0          1          2    
      0      21.201018  23.279537  26.614767
P(iso)  23.698441
 Nucleus: 16 H  
 Shielding tensor (ppm): 
                  0          1          2    
      0      23.373329   1.252651  -0.895864
      1       1.096240  21.830276  -1.177421
      2      -0.939679  -1.120137  25.879630
 P Tensor eigenvectors:
                   0          1          2    
      0       0.414251   0.837490  -0.356379
      1      -0.899811   0.317953  -0.298742
      2      -0.136882   0.444428   0.885295
 P Eigenvalues: 
                  0          1          2    
      0      21.116495  23.329981  26.636760
P(iso)  23.694412
 Nucleus: 18 H  
 Shielding tensor (ppm): 
                  0          1          2    
      0      26.562908   0.497862  -0.399657
      1       0.463041  21.136783  -0.001945
      2      -0.426744   0.228505  23.399453
 P Tensor eigenvectors:
                   0          1          2    
      0      -0.092416  -0.116073  -0.988932
      1       0.993419  -0.078243  -0.083652
      2      -0.067668  -0.990154   0.122540
 P Eigenvalues: 
                  0          1          2    
      0      21.084871  23.359523  26.654751
P(iso)  23.699715
 Nucleus: 20 H  
 Shielding tensor (ppm): 
                  0          1          2    
      0      24.410329  -1.023686   1.492183
      1      -0.870797  21.416093  -0.699973
      2       1.534654  -0.552474  25.291098
 P Tensor eigenvectors:
                   0          1          2    
      0       0.256362  -0.753004   0.606022
      1       0.965234   0.166350  -0.201620
      2       0.051009   0.636641   0.769471
 P Eigenvalues: 
                  0          1          2    
      0      21.132089  23.338078  26.647353
P(iso)  23.705840
 Nucleus: 22 H  
 Shielding tensor (ppm): 
                  0          1          2    
      0      23.520307  -0.296711  -1.449972
      1      -0.153215  22.158725  -1.546946
      2      -1.401063  -1.623202  25.443277
 P Tensor eigenvectors:
                   0          1          2    
      0       0.353427   0.853022  -0.383984
      1       0.829345  -0.475611  -0.293225
      2       0.432754   0.214822   0.875543
 P Eigenvalues: 
                  0          1          2    
      0      21.238209  23.285043  26.599057
P(iso)  23.707436
 Nucleus: 0 C  
 Shielding tensor (ppm): 
                  0          1          2    
      0      50.463152  -1.022074   4.445143
      1      -1.055488  47.486599  -1.231033
      2       4.307222  -1.059433  51.795011
 P Tensor eigenvectors:
                   0          1          2    
      0      -0.765439   0.056444   0.641028
      1      -0.079455   0.980233  -0.181188
      2       0.638585   0.189622   0.745824
 P Eigenvalues: 
                  0          1          2    
      0      46.699209  47.203989  55.841565
P(iso)  49.914921
 Nucleus: 1 C  
 Shielding tensor (ppm): 
                  0          1          2    
      0     134.035472   0.134289   2.062808
      1      -2.048388 165.490711  10.463351
      2       0.593939  13.963847 139.462849
 P Tensor eigenvectors:
                   0          1          2    
      0      -0.770565   0.637178  -0.015303
      1      -0.241819  -0.270059   0.931983
      2       0.589706   0.721853   0.362180
 P Eigenvalues: 
                  0          1          2    
      0     132.714968 135.947043 170.327020
P(iso)  146.329677
 Nucleus: 2 C  
 Shielding tensor (ppm): 
                  0          1          2    
      0     173.647424   1.488093  11.503394
      1      -0.582649 170.719883   1.247638
      2      10.604133   3.488960 180.954482
 P Tensor eigenvectors:
                   0          1          2    
      0       0.783756   0.231807   0.576187
      1       0.198077  -0.972583   0.121849
      2      -0.588636  -0.018629   0.808184
 P Eigenvalues: 
                  0          1          2    
      0     165.453465 170.666962 189.201363
P(iso)  175.107263
 Nucleus: 12 C  
 Shielding tensor (ppm): 
                  0          1          2    
      0      29.968949  -2.629995 -15.850175
      1      -3.549023 157.748953  64.640421
      2     -16.396033  68.855737 -49.579904
 P Tensor eigenvectors:
                   0          1          2    
      0       0.988281  -0.142409  -0.054957
      1       0.090351   0.255551   0.962564
      2      -0.123033  -0.956250   0.265423
 P Eigenvalues: 
                  0          1          2    
      0      31.693068 -71.215646 177.660575
P(iso)  46.045999
 Nucleus: 13 C  
 Shielding tensor (ppm): 
                  0          1          2    
      0     -32.086612 -21.301085  45.757792
      1     -17.528328 160.632177  52.209487
      2      46.970920  54.869618   9.246431
 P Tensor eigenvectors:
                   0          1          2    
      0      -0.616546   0.787306   0.004555
      1       0.221343   0.178882  -0.958649
      2      -0.755565  -0.590043  -0.284554
 P Eigenvalues: 
                  0          1          2    
      0      31.539310 -71.376845 177.629531
P(iso)  45.930665
 Nucleus: 15 C  
 Shielding tensor (ppm): 
                  0          1          2    
      0     -57.535942   4.645533 -35.651052
      1       9.215967 161.224948  49.465506
      2     -34.142644  47.690256  33.803227
 P Tensor eigenvectors:
                   0          1          2    
      0      -0.367253   0.930118   0.002337
      1      -0.308302  -0.124102   0.943159
      2       0.877539   0.345658   0.332334
 P Eigenvalues: 
                  0          1          2    
      0      31.372622 -71.460152 177.579763
P(iso)  45.830744
 Nucleus: 17 C  
 Shielding tensor (ppm): 
                  0          1          2    
      0      29.693418  -1.190208 -16.194683
      1      -0.687649 148.643837  81.299064
      2     -15.701230  76.827503 -40.557649
 P Tensor eigenvectors:
                   0          1          2    
      0       0.988840  -0.143533  -0.039917
      1       0.088982   0.354116   0.930959
      2      -0.119488  -0.924121   0.362936
 P Eigenvalues: 
                  0          1          2    
      0      31.554411 -71.266434 177.491628
P(iso)  45.926535
 Nucleus: 19 C  
 Shielding tensor (ppm): 
                  0          1          2    
      0     -30.595378 -28.512645  43.004545
      1     -32.121764 153.861676  62.102023
      2      41.787222  59.415634  14.721670
 P Tensor eigenvectors:
                   0          1          2    
      0      -0.620767   0.779192  -0.086648
      1       0.219959   0.279178   0.934707
      2      -0.752507  -0.561176   0.344695
 P Eigenvalues: 
                  0          1          2    
      0      31.764972 -71.251893 177.474890
P(iso)  45.995990
 Nucleus: 21 C  
 Shielding tensor (ppm): 
                  0          1          2    
      0     -55.756472  -3.206625 -38.282584
      1      -7.745540 163.288215  42.908960
      2     -39.799523  44.729787  30.793492
 P Tensor eigenvectors:
                   0          1          2    
      0      -0.371666   0.923467  -0.095255
      1      -0.307924  -0.025828   0.951060
      2       0.875813   0.382808   0.293957
 P Eigenvalues: 
                  0          1          2    
      0      31.928962 -71.135265 177.531538
P(iso)  46.108412
 Nucleus: 8 F  
 Shielding tensor (ppm): 
                  0          1          2    
      0     303.573793  25.943137 -34.955377
      1      12.574813 208.329149 -59.375574
      2     -18.847635 -55.479887 272.306789
 P Tensor eigenvectors:
                   0          1          2    
      0      -0.028761  -0.731171   0.681588
      1       0.866675   0.321501   0.381460
      2       0.498044  -0.601686  -0.624440
 P Eigenvalues: 
                  0          1          2    
      0     174.511567 271.903157 337.795005
P(iso)  261.403243
 Nucleus: 9 F  
 Shielding tensor (ppm): 
                  0          1          2    
      0     315.503762  -8.510845 -24.778632
      1      -3.496728 198.260102 -41.398740
      2     -43.201765 -35.222416 283.654570
 P Tensor eigenvectors:
                   0          1          2    
      0      -0.135954   0.563986  -0.814516
      1      -0.913685  -0.389219  -0.116995
      2      -0.383009   0.728305   0.568222
 P Eigenvalues: 
                  0          1          2    
      0     181.109226 277.281070 339.028138
P(iso)  265.806145
 Nucleus: 10 F  
 Shielding tensor (ppm): 
                  0          1          2    
      0     283.560821  17.780192  41.506770
      1      17.798582 161.163557 -15.351212
      2      41.429611 -17.166231 302.853324
 P Tensor eigenvectors:
                   0          1          2    
      0      -0.185703  -0.762620   0.619617
      1       0.969378  -0.245309  -0.011395
      2       0.160688   0.598527   0.784822
 P Eigenvalues: 
                  0          1          2    
      0     155.098257 256.680765 335.798681
P(iso)  249.192568
# -------------------------------------------------------------
----------------------- !GEOMETRIES! ------------------------
# -------------------------------------------------------------
------------------------ !GEOMETRY! -------------------------
    Number of atoms:    23 
    Geometry Index:     1 
    Coordinates:
               0 C     -2.598351000000    0.884059000000    1.085800000000
               1 C     -2.665769000000    2.270910000000    1.587320000000
               2 C     -1.778420000000    2.397030000000    2.814410000000
               3 H     -3.704272000000    2.510719000000    1.828566000000
               4 H     -2.339358000000    2.951068000000    0.796194000000
               5 H     -2.110330000000    1.742989000000    3.620683000000
               6 H     -0.739180000000    2.160654000000    2.583635000000
               7 H     -1.798360000000    3.419775000000    3.198868000000
               8 F     -3.058540000000    0.184425000000    2.138736000000
               9 F     -1.306018000000    0.743549000000    0.769943000000
              10 F     -3.437739000000    0.912349000000    0.020896000000
              11 H     -2.024853000000   -3.551329000000    2.045381000000
              12 C     -2.179331000000   -3.252957000000    1.014931000000
              13 C     -3.474822000000   -3.148227000000    0.505262000000
              14 H     -4.326263000000   -3.367845000000    1.138349000000
              15 C     -3.675210000000   -2.725337000000   -0.809828000000
              16 H     -4.681767000000   -2.617540000000   -1.195636000000
              17 C     -2.580341000000   -2.403407000000   -1.613450000000
              18 H     -2.736561000000   -2.042852000000   -2.623403000000
              19 C     -1.284982000000   -2.510407000000   -1.104428000000
              20 H     -0.437273000000   -2.231022000000   -1.719124000000
              21 C     -1.084361000000   -2.937187000000    0.209072000000
              22 H     -0.080463000000   -2.990243000000    0.614566000000
