-------------------------------------------------------------
----------------------- !PROPERTIES! ------------------------
-------------------------------------------------------------
# -----------------------------------------------------------
$ PAL_Flags
   description: The PAL Flags
   geom. index: 1
   prop. index: 1
        Diskflag:     2
# -----------------------------------------------------------
$ SCF_Energy
   description: The SCF energy
   geom. index: 1
   prop. index: 1
        SCF Energy:     -648.6035260013
# -----------------------------------------------------------
$ DFT_Energy
   description: The DFT energy
   geom. index: 1
   prop. index: 1
   Number of Alpha Electrons                 46.0000041566 
   Number of Beta  Electrons                 46.0000041566 
   Total number of  Electrons                92.0000083131 
   Exchange energy                          -60.4717419200 
   Correlation energy                        -3.0964149595 
   Correlation energy NL                      0.0000000000 
   Exchange-Correlation energy              -63.5681568794 
   Embedding correction                       0.0000000000 
   Total DFT Energy (No VdW correction)    -648.6035260013 
# -----------------------------------------------------------
$ Mayer_Pop
   description: The Mayer population analysis
   geom. index: 1
   prop. index: 1
     Number of atoms                     : 23
     Threshold for printing              : 0.1000000
     Number of bond orders printed       : 22
  NA   - Mulliken gross atomic population
  ZA   - Total nuclear charge
  QA   - Mulliken gross atomic charge
  VA   - Mayer's total valence
  BVA  - Mayer's bonded valence
  FA   - Mayer's free valence
  ATOM       NA         ZA         QA         VA         BVA        FA
  0   0     5.1956     6.0000     0.8044     3.7921     3.7921    -0.0000
  1   0     6.1703     6.0000    -0.1703     4.0543     4.0543     0.0000
  2   0     6.0916     6.0000    -0.0916     3.9556     3.9556     0.0000
  3   0     0.9690     1.0000     0.0310     1.0316     1.0316     0.0000
  4   0     0.9694     1.0000     0.0306     1.0310     1.0310     0.0000
  5   0     0.9599     1.0000     0.0401     1.0201     1.0201     0.0000
  6   0     0.9610     1.0000     0.0390     1.0209     1.0209     0.0000
  7   0     0.9652     1.0000     0.0348     1.0173     1.0173     0.0000
  8   0     9.2397     9.0000    -0.2397     0.9873     0.9873    -0.0000
  9   0     9.2353     9.0000    -0.2353     0.9996     0.9996    -0.0000
 10   0     9.2408     9.0000    -0.2408     0.9879     0.9879    -0.0000
 11   0     0.9833     1.0000     0.0167     1.0324     1.0324    -0.0000
 12   0     6.0237     6.0000    -0.0237     3.8787     3.8787     0.0000
 13   0     6.0123     6.0000    -0.0123     3.8636     3.8636    -0.0000
 14   0     0.9831     1.0000     0.0169     1.0338     1.0338     0.0000
 15   0     6.0187     6.0000    -0.0187     3.8775     3.8775    -0.0000
 16   0     0.9831     1.0000     0.0169     1.0343     1.0343    -0.0000
 17   0     6.0179     6.0000    -0.0179     3.8676     3.8676    -0.0000
 18   0     0.9838     1.0000     0.0162     1.0331     1.0331    -0.0000
 19   0     6.0135     6.0000    -0.0135     3.8694     3.8694    -0.0000
 20   0     0.9820     1.0000     0.0180     1.0310     1.0310    -0.0000
 21   0     6.0181     6.0000    -0.0181     3.8722     3.8722     0.0000
 22   0     0.9828     1.0000     0.0172     1.0308     1.0308     0.0000
      Bond orders larger than 0.1000000
           Atom A     A.N. of A          Atom B    A.N. of B              Bond order
                0             6               1            6                0.918097
                0             6               8            9                0.960827
                0             6               9            9                0.978219
                0             6              10            9                0.967452
                1             6               2            6                1.000292
                1             6               3            1                1.028028
                1             6               4            1                1.028641
                2             6               5            1                0.998642
                2             6               6            1                0.998813
                2             6               7            1                0.995357
               11             1              12            6                1.027538
               12             6              13            6                1.372111
               12             6              21            6                1.442729
               13             6              14            1                1.027579
               13             6              15            6                1.442980
               15             6              16            1                1.027442
               15             6              17            6                1.367841
               17             6              18            1                1.028623
               17             6              19            6                1.441610
               19             6              20            1                1.025914
               19             6              21            6                1.377657
               21             6              22            1                1.027061
# -----------------------------------------------------------
$ Calculation_Info
   description: Details of the calculation
   geom. index: 1
   prop. index: 1
     Multiplicity:                          1
     Charge:                                0
     number of atoms:                       23
     number of electrons:                   0
     number of frozen core electrons:       1
     number of correlated electrons:        0
     number of basis functions:             586
     number of aux C basis functions:       0
     number of aux J basis functions:       0
     number of aux JK basis functions:      2932
     number of aux CABS basis functions:    0
     Total Energy                           -648.603526
# -----------------------------------------------------------
$ SCF_Electric_Properties
   description: The SCF Calculated Electric Properties
   geom. index: 1
   prop. index: 1
       Filename                          : run_all_displaced_distances.scfp 
       Do Dipole Moment Calculation      : true 
       Do Quadrupole Moment Calculation  : false 
       Do Polarizability Calculation     : false 
** Dipole moment part of electric properties **
        Magnitude of dipole moment (Debye) :        1.7570128968
        Electronic Contribution:
                  0    
      0      -2.200588
      1      -1.035677
      2      -3.142442
        Nuclear Contribution:
                  0    
      0       2.209702
      1       1.670301
      2       3.416291
        Total Dipole moment:
                  0    
      0       0.009113
      1       0.634624
      2       0.273849
# -----------------------------------------------------------
$ EPRNMR_OrbitalShielding
   description: Orbital contribution to the NMR Shielding tensor (ppm)
   geom. index: 1
   prop. index: 1
 Number of stored nuclei 23
 Source density: 1 SCF 
 Nucleus: 3 H  
 Shielding tensor (ppm): 
                  0          1          2    
      0      32.824838  -2.198729   0.727176
      1      -3.910016  30.462754   2.346576
      2      -0.131878   2.120802  27.662734
 P Tensor eigenvectors:
                   0          1          2    
      0      -0.281038   0.532114  -0.798669
      1      -0.574018   0.573733   0.584238
      2       0.769104   0.622643   0.144202
 P Eigenvalues: 
                  0          1          2    
      0      25.906650  29.974213  35.069463
P(iso)  30.316775
 Nucleus: 4 H  
 Shielding tensor (ppm): 
                  0          1          2    
      0      26.168541   0.663170   0.377953
      1       1.120469  33.802004  -3.209784
      2       0.699524  -1.428073  31.091261
 P Tensor eigenvectors:
                   0          1          2    
      0       0.970643   0.233031  -0.059571
      1      -0.167151   0.475437  -0.863724
      2      -0.172953   0.848325   0.500431
 P Eigenvalues: 
                  0          1          2    
      0      25.924724  29.976727  35.160355
P(iso)  30.353935
 Nucleus: 5 H  
 Shielding tensor (ppm): 
                  0          1          2    
      0      26.707089   1.525939  -0.165805
      1       2.487216  30.390038  -0.025291
      2      -0.592640  -1.959300  35.429140
 P Tensor eigenvectors:
                   0          1          2    
      0       0.911756   0.400019  -0.093197
      1      -0.410618   0.882389  -0.229744
      2      -0.009666   0.247738   0.968779
 P Eigenvalues: 
                  0          1          2    
      0      25.825223  31.017518  35.683525
P(iso)  30.842089
 Nucleus: 6 H  
 Shielding tensor (ppm): 
                  0          1          2    
      0      35.479223  -0.343224   0.233881
      1       0.973818  28.584860   3.292733
      2       1.588762   2.119556  28.587624
 P Tensor eigenvectors:
                   0          1          2    
      0       0.044895   0.180073  -0.982628
      1       0.708231  -0.699447  -0.095820
      2      -0.704551  -0.691626  -0.158935
 P Eigenvalues: 
                  0          1          2    
      0      25.861873  31.121547  35.668287
P(iso)  30.883902
 Nucleus: 7 H  
 Shielding tensor (ppm): 
                  0          1          2    
      0      26.935214   1.037487   1.451037
      1       0.912763  35.764171   5.116925
      2       1.407611   5.210831  30.159736
 P Tensor eigenvectors:
                   0          1          2    
      0      -0.780672   0.611688   0.128020
      1      -0.232998  -0.474969   0.848597
      2       0.579882   0.632647   0.513317
 P Eigenvalues: 
                  0          1          2    
      0      26.164050  27.653849  39.041223
P(iso)  30.953041
 Nucleus: 11 H  
 Shielding tensor (ppm): 
                  0          1          2    
      0      26.353108   0.006691  -0.464273
      1       0.235706  22.961112  -1.298554
      2      -0.502294  -1.383006  21.922012
 P Tensor eigenvectors:
                   0          1          2    
      0       0.062935  -0.141721  -0.987904
      1       0.556447   0.826713  -0.083148
      2       0.828496  -0.544483   0.130890
 P Eigenvalues: 
                  0          1          2    
      0      20.983156  23.825255  26.427821
P(iso)  23.745411
 Nucleus: 14 H  
 Shielding tensor (ppm): 
                  0          1          2    
      0      24.000784   0.750510   2.184841
      1       0.502635  22.778070  -1.435379
      2       2.154166  -1.368770  24.280895
 P Tensor eigenvectors:
                   0          1          2    
      0      -0.532905   0.565742   0.629245
      1       0.607962   0.773222  -0.180308
      2       0.588553  -0.286470   0.756003
 P Eigenvalues: 
                  0          1          2    
      0      20.875602  23.758844  26.425302
P(iso)  23.686583
 Nucleus: 16 H  
 Shielding tensor (ppm): 
                  0          1          2    
      0      23.099796   1.777855  -0.705689
      1       1.593338  22.152871  -0.764776
      2      -0.792895  -0.831939  25.850588
 P Tensor eigenvectors:
                   0          1          2    
      0       0.595467   0.721220  -0.353922
      1      -0.802412   0.512305  -0.306071
      2      -0.039429   0.466246   0.883776
 P Eigenvalues: 
                  0          1          2    
      0      20.868260  23.809541  26.425454
P(iso)  23.701085
 Nucleus: 18 H  
 Shielding tensor (ppm): 
                  0          1          2    
      0      26.432526   0.459007  -0.444524
      1       0.528330  21.089904   0.674121
      2      -0.369304   0.822925  23.740674
 P Tensor eigenvectors:
                   0          1          2    
      0      -0.103128   0.102110  -0.989413
      1       0.959264   0.273237  -0.071787
      2      -0.263015   0.956512   0.126129
 P Eigenvalues: 
                  0          1          2    
      0      20.832642  23.910159  26.520303
P(iso)  23.754368
 Nucleus: 20 H  
 Shielding tensor (ppm): 
                  0          1          2    
      0      24.285924  -1.378948   1.399497
      1      -1.401280  21.443942  -0.264724
      2       1.335742  -0.045727  25.333285
 P Tensor eigenvectors:
                   0          1          2    
      0       0.403777  -0.683195   0.608448
      1       0.910075   0.367869  -0.190881
      2      -0.093420   0.630806   0.770296
 P Eigenvalues: 
                  0          1          2    
      0      20.842806  23.766002  26.454343
P(iso)  23.687717
 Nucleus: 22 H  
 Shielding tensor (ppm): 
                  0          1          2    
      0      23.511195  -0.721147  -1.623529
      1      -0.838822  22.560982  -1.531752
      2      -1.566267  -1.709024  25.178842
 P Tensor eigenvectors:
                   0          1          2    
      0       0.510973   0.761596  -0.398595
      1       0.719722  -0.632592  -0.286057
      2       0.470008   0.140710   0.871375
 P Eigenvalues: 
                  0          1          2    
      0      20.951351  23.862162  26.437506
P(iso)  23.750340
 Nucleus: 0 C  
 Shielding tensor (ppm): 
                  0          1          2    
      0      49.161286  -0.906822   4.975952
      1      -1.870664  51.343844   0.231524
      2       4.461530   0.906054  51.560844
 P Tensor eigenvectors:
                   0          1          2    
      0       0.774545   0.118083   0.621399
      1       0.229855  -0.967802  -0.102595
      2      -0.589277  -0.222296   0.776748
 P Eigenvalues: 
                  0          1          2    
      0      45.153803  51.638557  55.273613
P(iso)  50.688658
 Nucleus: 1 C  
 Shielding tensor (ppm): 
                  0          1          2    
      0     132.962958   0.239365   1.873060
      1      -2.368201 166.221297  10.900243
      2       0.199227  14.766646 138.453159
 P Tensor eigenvectors:
                   0          1          2    
      0      -0.766809   0.641530  -0.021050
      1      -0.244820  -0.261998   0.933499
      2       0.593353   0.720969   0.357962
 P Eigenvalues: 
                  0          1          2    
      0     131.818276 134.567708 171.251430
P(iso)  145.879138
 Nucleus: 2 C  
 Shielding tensor (ppm): 
                  0          1          2    
      0     173.762869   1.077754  11.465766
      1      -0.490205 171.667499   1.846290
      2      10.755810   3.594605 181.127768
 P Tensor eigenvectors:
                   0          1          2    
      0       0.777765   0.258456   0.572959
      1       0.220646  -0.965805   0.136148
      2      -0.588555  -0.020530   0.808197
 P Eigenvalues: 
                  0          1          2    
      0     165.434206 171.654765 189.469165
P(iso)  175.519378
 Nucleus: 12 C  
 Shielding tensor (ppm): 
                  0          1          2    
      0      24.663568  -3.941496 -18.288318
      1      -5.522854 158.186095  65.683314
      2     -18.397165  69.256356 -50.041887
 P Tensor eigenvectors:
                   0          1          2    
      0       0.985085  -0.157790  -0.068635
      1       0.108113   0.257253   0.960277
      2      -0.133865  -0.953375   0.270475
 P Eigenvalues: 
                  0          1          2    
      0      26.762302 -72.631182 178.676656
P(iso)  44.269259
 Nucleus: 13 C  
 Shielding tensor (ppm): 
                  0          1          2    
      0     -37.263384 -19.784730  43.467006
      1     -16.898897 160.523686  55.107079
      2      44.497952  56.863698   7.811307
 P Tensor eigenvectors:
                   0          1          2    
      0      -0.602282   0.798271   0.004476
      1       0.235330   0.182905  -0.954550
      2      -0.762808  -0.573854  -0.298018
 P Eigenvalues: 
                  0          1          2    
      0      25.430644 -73.207708 178.848673
P(iso)  43.690536
 Nucleus: 15 C  
 Shielding tensor (ppm): 
                  0          1          2    
      0     -60.837183   3.891716 -32.665258
      1       7.404205 162.989149  49.191338
      2     -31.462541  48.414109  28.535866
 P Tensor eigenvectors:
                   0          1          2    
      0      -0.352158   0.935938  -0.002337
      1      -0.297528  -0.109581   0.948403
      2       0.887391   0.334683   0.317058
 P Eigenvalues: 
                  0          1          2    
      0      24.807902 -72.964300 178.844230
P(iso)  43.562611
 Nucleus: 17 C  
 Shielding tensor (ppm): 
                  0          1          2    
      0      26.025798  -3.856316 -14.069528
      1      -4.040704 149.189850  81.836059
      2     -14.210870  77.481673 -40.623859
 P Tensor eigenvectors:
                   0          1          2    
      0       0.990346  -0.127039  -0.055464
      1       0.097482   0.353804   0.930226
      2      -0.098552  -0.926652   0.362772
 P Eigenvalues: 
                  0          1          2    
      0      27.016084 -70.994919 178.570624
P(iso)  44.863930
 Nucleus: 19 C  
 Shielding tensor (ppm): 
                  0          1          2    
      0     -32.587685 -28.306804  42.466257
      1     -30.477253 153.955653  64.290654
      2      41.601179  62.924544   9.405413
 P Tensor eigenvectors:
                   0          1          2    
      0      -0.637495   0.766882  -0.074105
      1       0.220520   0.273777   0.936171
      2      -0.738222  -0.580463   0.343644
 P Eigenvalues: 
                  0          1          2    
      0      26.486148 -74.437571 178.724804
P(iso)  43.591127
 Nucleus: 21 C  
 Shielding tensor (ppm): 
                  0          1          2    
      0     -55.477105  -3.238638 -38.796492
      1      -6.718506 164.499613  43.878877
      2     -40.189504  45.176814  26.420246
 P Tensor eigenvectors:
                   0          1          2    
      0      -0.388083   0.917462  -0.087499
      1      -0.300594  -0.036256   0.953063
      2       0.871226   0.396169   0.289854
 P Eigenvalues: 
                  0          1          2    
      0      28.784084 -71.991135 178.649805
P(iso)  45.147585
 Nucleus: 8 F  
 Shielding tensor (ppm): 
                  0          1          2    
      0     281.934145  18.062487 -14.590286
      1      -9.099449 189.062963  -6.211968
      2     -13.467018 -29.415100 236.436904
 P Tensor eigenvectors:
                   0          1          2    
      0      -0.022661   0.328353  -0.944283
      1       0.938518  -0.318471  -0.133263
      2       0.344485   0.889247   0.300948
 P Eigenvalues: 
                  0          1          2    
      0     183.242489 237.497300 286.694223
P(iso)  235.811337
 Nucleus: 9 F  
 Shielding tensor (ppm): 
                  0          1          2    
      0     255.241165  -5.825019 -16.481105
      1      22.893409 206.115367 -41.557332
      2     -22.148762 -25.305923 269.675386
 P Tensor eigenvectors:
                   0          1          2    
      0      -0.025436   0.874802  -0.483812
      1      -0.923989  -0.205302  -0.322637
      2      -0.381571   0.438830   0.813530
 P Eigenvalues: 
                  0          1          2    
      0     191.853669 244.079018 295.099231
P(iso)  243.677306
 Nucleus: 10 F  
 Shielding tensor (ppm): 
                  0          1          2    
      0     254.807066  18.457999  15.051992
      1      -1.076594 171.119879 -29.330404
      2      13.325996 -12.253818 257.028358
 P Tensor eigenvectors:
                   0          1          2    
      0       0.153185  -0.769576   0.619909
      1      -0.963674  -0.255222  -0.078709
      2      -0.218787   0.585333   0.780716
 P Eigenvalues: 
                  0          1          2    
      0     164.911378 246.959968 271.083956
P(iso)  227.651767
# -------------------------------------------------------------
----------------------- !GEOMETRIES! ------------------------
# -------------------------------------------------------------
------------------------ !GEOMETRY! -------------------------
    Number of atoms:    23 
    Geometry Index:     1 
    Coordinates:
               0 C     -2.598351000000    0.884059000000    1.085800000000
               1 C     -2.665769000000    2.270910000000    1.587320000000
               2 C     -1.778420000000    2.397030000000    2.814410000000
               3 H     -3.704272000000    2.510719000000    1.828566000000
               4 H     -2.339358000000    2.951068000000    0.796194000000
               5 H     -2.110330000000    1.742989000000    3.620683000000
               6 H     -0.739180000000    2.160654000000    2.583635000000
               7 H     -1.798360000000    3.419775000000    3.198868000000
               8 F     -3.058540000000    0.184425000000    2.138736000000
               9 F     -1.306018000000    0.743549000000    0.769943000000
              10 F     -3.437739000000    0.912349000000    0.020896000000
              11 H     -2.010452000000   -2.417173000000    2.570721000000
              12 C     -2.164930000000   -2.118801000000    1.540271000000
              13 C     -3.460421000000   -2.014071000000    1.030602000000
              14 H     -4.311862000000   -2.233689000000    1.663690000000
              15 C     -3.660809000000   -1.591181000000   -0.284488000000
              16 H     -4.667366000000   -1.483384000000   -0.670295000000
              17 C     -2.565940000000   -1.269251000000   -1.088109000000
              18 H     -2.722160000000   -0.908696000000   -2.098062000000
              19 C     -1.270581000000   -1.376251000000   -0.579088000000
              20 H     -0.422872000000   -1.096866000000   -1.193783000000
              21 C     -1.069960000000   -1.803031000000    0.734412000000
              22 H     -0.066062000000   -1.856087000000    1.139906000000
