-------------------------------------------------------------
----------------------- !PROPERTIES! ------------------------
-------------------------------------------------------------
# -----------------------------------------------------------
$ PAL_Flags
   description: The PAL Flags
   geom. index: 1
   prop. index: 1
        Diskflag:     2
# -----------------------------------------------------------
$ SCF_Energy
   description: The SCF energy
   geom. index: 1
   prop. index: 1
        SCF Energy:     -648.6429750393
# -----------------------------------------------------------
$ DFT_Energy
   description: The DFT energy
   geom. index: 1
   prop. index: 1
   Number of Alpha Electrons                 45.9999642869 
   Number of Beta  Electrons                 45.9999642869 
   Total number of  Electrons                91.9999285739 
   Exchange energy                          -60.4322226131 
   Correlation energy                        -3.0767876414 
   Correlation energy NL                      0.0000000000 
   Exchange-Correlation energy              -63.5090102545 
   Embedding correction                       0.0000000000 
   Total DFT Energy (No VdW correction)    -648.6429750393 
# -----------------------------------------------------------
$ Mayer_Pop
   description: The Mayer population analysis
   geom. index: 1
   prop. index: 1
     Number of atoms                     : 23
     Threshold for printing              : 0.1000000
     Number of bond orders printed       : 22
  NA   - Mulliken gross atomic population
  ZA   - Total nuclear charge
  QA   - Mulliken gross atomic charge
  VA   - Mayer's total valence
  BVA  - Mayer's bonded valence
  FA   - Mayer's free valence
  ATOM       NA         ZA         QA         VA         BVA        FA
  0   0     5.2762     6.0000     0.7238     3.9971     3.9971    -0.0000
  1   0     6.0874     6.0000    -0.0874     4.0014     4.0014    -0.0000
  2   0     6.1094     6.0000    -0.1094     3.9578     3.9578    -0.0000
  3   0     0.9618     1.0000     0.0382     1.0279     1.0279    -0.0000
  4   0     0.9624     1.0000     0.0376     1.0275     1.0275    -0.0000
  5   0     0.9545     1.0000     0.0455     1.0197     1.0197    -0.0000
  6   0     0.9559     1.0000     0.0441     1.0205     1.0205    -0.0000
  7   0     0.9653     1.0000     0.0347     1.0150     1.0150    -0.0000
  8   0     9.2416     9.0000    -0.2416     1.0320     1.0320    -0.0000
  9   0     9.2375     9.0000    -0.2375     1.0413     1.0413    -0.0000
 10   0     9.2459     9.0000    -0.2459     1.0258     1.0258    -0.0000
 11   0     0.9747     1.0000     0.0253     1.0222     1.0222    -0.0000
 12   0     6.0268     6.0000    -0.0268     3.8849     3.8849     0.0000
 13   0     6.0262     6.0000    -0.0262     3.8856     3.8856     0.0000
 14   0     0.9748     1.0000     0.0252     1.0222     1.0222     0.0000
 15   0     6.0240     6.0000    -0.0240     3.8862     3.8862    -0.0000
 16   0     0.9749     1.0000     0.0251     1.0222     1.0222    -0.0000
 17   0     6.0247     6.0000    -0.0247     3.8860     3.8860    -0.0000
 18   0     0.9748     1.0000     0.0252     1.0222     1.0222    -0.0000
 19   0     6.0259     6.0000    -0.0259     3.8856     3.8856     0.0000
 20   0     0.9748     1.0000     0.0252     1.0222     1.0222     0.0000
 21   0     6.0257     6.0000    -0.0257     3.8847     3.8847     0.0000
 22   0     0.9747     1.0000     0.0253     1.0221     1.0221    -0.0000
      Bond orders larger than 0.1000000
           Atom A     A.N. of A          Atom B    A.N. of B              Bond order
                0             6               1            6                1.003435
                0             6               8            9                0.993872
                0             6               9            9                1.002820
                0             6              10            9                0.995248
                1             6               2            6                0.970202
                1             6               3            1                1.002657
                1             6               4            1                1.002488
                2             6               5            1                1.000450
                2             6               6            1                1.000635
                2             6               7            1                0.995666
               11             1              12            6                1.022121
               12             6              13            6                1.415582
               12             6              21            6                1.416010
               13             6              14            1                1.022150
               13             6              15            6                1.416406
               15             6              16            1                1.021736
               15             6              17            6                1.416430
               17             6              18            1                1.021795
               17             6              19            6                1.416166
               19             6              20            1                1.021982
               19             6              21            6                1.415919
               21             6              22            1                1.021911
# -----------------------------------------------------------
$ Calculation_Info
   description: Details of the calculation
   geom. index: 1
   prop. index: 1
     Multiplicity:                          1
     Charge:                                0
     number of atoms:                       23
     number of electrons:                   0
     number of frozen core electrons:       1
     number of correlated electrons:        0
     number of basis functions:             586
     number of aux C basis functions:       0
     number of aux J basis functions:       0
     number of aux JK basis functions:      2932
     number of aux CABS basis functions:    0
     Total Energy                           -648.642975
# -----------------------------------------------------------
$ SCF_Electric_Properties
   description: The SCF Calculated Electric Properties
   geom. index: 1
   prop. index: 1
       Filename                          : run_all_displaced_distances_job10.scfp 
       Do Dipole Moment Calculation      : true 
       Do Quadrupole Moment Calculation  : false 
       Do Polarizability Calculation     : false 
** Dipole moment part of electric properties **
        Magnitude of dipole moment (Debye) :        1.3339010442
        Electronic Contribution:
                  0    
      0      -2.112957
      1       3.467816
      2      -1.027515
        Nuclear Contribution:
                  0    
      0       2.150449
      1      -2.996261
      2       1.254740
        Total Dipole moment:
                  0    
      0       0.037492
      1       0.471555
      2       0.227225
# -----------------------------------------------------------
$ EPRNMR_OrbitalShielding
   description: Orbital contribution to the NMR Shielding tensor (ppm)
   geom. index: 1
   prop. index: 1
 Number of stored nuclei 23
 Source density: 1 SCF 
 Nucleus: 3 H  
 Shielding tensor (ppm): 
                  0          1          2    
      0      32.830245  -2.064936   0.769243
      1      -3.353723  29.220371   1.892034
      2       0.093045   1.712546  27.551653
 P Tensor eigenvectors:
                   0          1          2    
      0      -0.283014   0.393612  -0.874627
      1      -0.624496   0.616495   0.479519
      2       0.727948   0.681911   0.071332
 P Eigenvalues: 
                  0          1          2    
      0      25.851253  29.435593  34.315423
P(iso)  29.867423
 Nucleus: 4 H  
 Shielding tensor (ppm): 
                  0          1          2    
      0      26.195272   0.764979   0.406822
      1       1.123277  32.344656  -3.246245
      2       0.692267  -1.863409  31.163652
 P Tensor eigenvectors:
                   0          1          2    
      0       0.952910   0.298957  -0.050854
      1      -0.224580   0.583017  -0.780804
      2      -0.203778   0.755457   0.622703
 P Eigenvalues: 
                  0          1          2    
      0      25.860378  29.447862  34.395339
P(iso)  29.901193
 Nucleus: 5 H  
 Shielding tensor (ppm): 
                  0          1          2    
      0      26.806975   1.561939  -0.094990
      1       2.325141  29.674288  -1.179770
      2      -0.592372  -2.337664  35.114848
 P Tensor eigenvectors:
                   0          1          2    
      0       0.879179   0.463920  -0.108731
      1      -0.473048   0.822413  -0.316009
      2      -0.057181   0.329264   0.942505
 P Eigenvalues: 
                  0          1          2    
      0      25.798568  30.072584  35.724958
P(iso)  30.532037
 Nucleus: 6 H  
 Shielding tensor (ppm): 
                  0          1          2    
      0      35.626880  -0.382041   0.307498
      1       0.277772  27.651670   2.508501
      2       1.374672   1.739168  28.413813
 P Tensor eigenvectors:
                   0          1          2    
      0       0.058446   0.099549  -0.993315
      1       0.764412  -0.644430  -0.019607
      2      -0.642073  -0.758156  -0.113760
 P Eigenvalues: 
                  0          1          2    
      0      25.840536  30.123832  35.727995
P(iso)  30.564121
 Nucleus: 7 H  
 Shielding tensor (ppm): 
                  0          1          2    
      0      26.975254   1.073662   1.471531
      1       0.803147  35.180174   4.710800
      2       1.373337   4.984439  30.051686
 P Tensor eigenvectors:
                   0          1          2    
      0      -0.781748   0.609272   0.132880
      1      -0.231346  -0.481238   0.845511
      2       0.579093   0.630236   0.517159
 P Eigenvalues: 
                  0          1          2    
      0      26.198731  27.698978  38.309406
P(iso)  30.735705
 Nucleus: 11 H  
 Shielding tensor (ppm): 
                  0          1          2    
      0      26.725327   0.348965  -0.464153
      1       0.362676  21.823617  -0.745342
      2      -0.452077  -0.919215  22.574060
 P Tensor eigenvectors:
                   0          1          2    
      0      -0.009348   0.154136  -0.988005
      1       0.840480  -0.534099  -0.091276
      2       0.541762   0.831252   0.124556
 P Eigenvalues: 
                  0          1          2    
      0      21.285414  23.021650  26.815940
P(iso)  23.707668
 Nucleus: 14 H  
 Shielding tensor (ppm): 
                  0          1          2    
      0      24.415128  -0.020298   2.002551
      1      -0.135877  21.843813  -1.247127
      2       1.963310  -1.321775  24.861093
 P Tensor eigenvectors:
                   0          1          2    
      0      -0.252561  -0.740293   0.623040
      1       0.861474  -0.465218  -0.203556
      2       0.440541   0.485322   0.755239
 P Eigenvalues: 
                  0          1          2    
      0      21.211201  23.065030  26.843803
P(iso)  23.706678
 Nucleus: 16 H  
 Shielding tensor (ppm): 
                  0          1          2    
      0      23.466734   0.977884  -1.057562
      1       0.869184  21.690657  -1.401056
      2      -1.094180  -1.353584  25.957587
 P Tensor eigenvectors:
                   0          1          2    
      0       0.276070   0.890750  -0.361041
      1      -0.938899   0.169594  -0.299511
      2      -0.205559   0.421667   0.883143
 P Eigenvalues: 
                  0          1          2    
      0      21.118020  23.132376  26.864583
P(iso)  23.704993
 Nucleus: 18 H  
 Shielding tensor (ppm): 
                  0          1          2    
      0      26.774051   0.502403  -0.415901
      1       0.462514  21.144175  -0.300714
      2      -0.435857  -0.120819  23.196914
 P Tensor eigenvectors:
                   0          1          2    
      0       0.078493   0.126102  -0.988907
      1      -0.993577  -0.071208  -0.087944
      2      -0.081508   0.989458   0.119703
 P Eigenvalues: 
                  0          1          2    
      0      21.088558  23.158148  26.868435
P(iso)  23.705047
 Nucleus: 20 H  
 Shielding tensor (ppm): 
                  0          1          2    
      0      24.482791  -0.805131   1.686071
      1      -0.682823  21.377274  -0.955600
      2       1.717697  -0.842609  25.256251
 P Tensor eigenvectors:
                   0          1          2    
      0       0.139059  -0.779251   0.611090
      1       0.978076   0.011479  -0.207932
      2       0.155016   0.626607   0.763763
 P Eigenvalues: 
                  0          1          2    
      0      21.128894  23.124440  26.862981
P(iso)  23.705438
 Nucleus: 22 H  
 Shielding tensor (ppm): 
                  0          1          2    
      0      23.528597   0.047113  -1.411917
      1       0.155725  21.902796  -1.599009
      2      -1.369884  -1.642867  25.682342
 P Tensor eigenvectors:
                   0          1          2    
      0      -0.196214  -0.904581  -0.378462
      1      -0.900201   0.319199  -0.296225
      2      -0.388764  -0.282569   0.876936
 P Eigenvalues: 
                  0          1          2    
      0      21.225703  23.057703  26.830329
P(iso)  23.704578
 Nucleus: 0 C  
 Shielding tensor (ppm): 
                  0          1          2    
      0      50.453692  -0.952641   4.486030
      1      -0.914182  46.070336  -1.720115
      2       4.374395  -1.509414  51.618075
 P Tensor eigenvectors:
                   0          1          2    
      0      -0.147064  -0.752237   0.642271
      1       0.923360  -0.337225  -0.183537
      2       0.354654   0.566055   0.744179
 P Eigenvalues: 
                  0          1          2    
      0      45.596715  46.698381  55.847006
P(iso)  49.380701
 Nucleus: 1 C  
 Shielding tensor (ppm): 
                  0          1          2    
      0     134.174004   0.150249   2.088721
      1      -2.028589 164.975971  10.230965
      2       0.631258  13.730343 139.517218
 P Tensor eigenvectors:
                   0          1          2    
      0      -0.769503   0.638474  -0.014699
      1      -0.242261  -0.270529   0.931732
      2       0.590910   0.720532   0.362850
 P Eigenvalues: 
                  0          1          2    
      0     132.830376 136.107375 169.729441
P(iso)  146.222397
 Nucleus: 2 C  
 Shielding tensor (ppm): 
                  0          1          2    
      0     173.756353   1.492490  11.485050
      1      -0.671822 170.442910   0.957473
      2      10.555134   3.318105 180.934232
 P Tensor eigenvectors:
                   0          1          2    
      0       0.784505   0.220625   0.579548
      1       0.193363  -0.975006   0.109425
      2      -0.589205  -0.026218   0.807558
 P Eigenvalues: 
                  0          1          2    
      0     165.573999 170.416678 189.142818
P(iso)  175.044498
 Nucleus: 12 C  
 Shielding tensor (ppm): 
                  0          1          2    
      0      30.695300  -2.480961 -15.820557
      1      -3.308342 157.217878  64.362340
      2     -16.365865  68.810498 -49.479476
 P Tensor eigenvectors:
                   0          1          2    
      0       0.988390  -0.142035  -0.053964
      1       0.089177   0.254727   0.962892
      2      -0.123018  -0.956525   0.264436
 P Eigenvalues: 
                  0          1          2    
      0      32.430460 -71.061625 177.064868
P(iso)  46.144568
 Nucleus: 13 C  
 Shielding tensor (ppm): 
                  0          1          2    
      0     -31.625330 -21.540601  46.029285
      1     -17.681332 160.175701  51.770082
      2      47.241267  54.625938   9.617896
 P Tensor eigenvectors:
                   0          1          2    
      0      -0.617112   0.786861   0.004698
      1       0.220157   0.178389  -0.959014
      2      -0.755449  -0.590785  -0.283319
 P Eigenvalues: 
                  0          1          2    
      0      32.324428 -71.203514 177.047353
P(iso)  46.056089
 Nucleus: 15 C  
 Shielding tensor (ppm): 
                  0          1          2    
      0     -57.118828   4.600203 -35.942476
      1       9.311749 160.817429  49.128486
      2     -34.377146  47.238265  34.414663
 P Tensor eigenvectors:
                   0          1          2    
      0      -0.367925   0.929851   0.002785
      1      -0.308567  -0.124918   0.942964
      2       0.877165   0.346081   0.332882
 P Eigenvalues: 
                  0          1          2    
      0      32.249854 -71.166057 177.029466
P(iso)  46.037754
 Nucleus: 17 C  
 Shielding tensor (ppm): 
                  0          1          2    
      0      30.383138  -1.071873 -16.303023
      1      -0.465658 148.332796  81.048719
      2     -15.758725  76.427925 -40.503521
 P Tensor eigenvectors:
                   0          1          2    
      0       0.988806  -0.144028  -0.038971
      1       0.088315   0.354431   0.930902
      2      -0.120264  -0.923923   0.363183
 P Eigenvalues: 
                  0          1          2    
      0      32.283693 -71.067592 176.996313
P(iso)  46.070805
 Nucleus: 19 C  
 Shielding tensor (ppm): 
                  0          1          2    
      0     -30.275120 -28.416987  43.274979
      1     -32.229094 153.573363  61.704277
      2      42.021670  58.958516  15.081045
 P Tensor eigenvectors:
                   0          1          2    
      0      -0.620034   0.779666  -0.087631
      1       0.219369   0.279516   0.934745
      2      -0.753283  -0.560350   0.344344
 P Eigenvalues: 
                  0          1          2    
      0      32.457291 -71.050164 176.972161
P(iso)  46.126429
 Nucleus: 21 C  
 Shielding tensor (ppm): 
                  0          1          2    
      0     -55.619361  -2.951580 -38.332919
      1      -7.718004 162.832556  42.599588
      2     -39.930130  44.462291  31.328241
 P Tensor eigenvectors:
                   0          1          2    
      0      -0.371009   0.923629  -0.096239
      1      -0.308293  -0.024749   0.950969
      2       0.875961   0.382488   0.293930
 P Eigenvalues: 
                  0          1          2    
      0      32.561867 -70.994159 176.973728
P(iso)  46.180479
 Nucleus: 8 F  
 Shielding tensor (ppm): 
                  0          1          2    
      0     304.476998  26.108165 -35.412125
      1      13.341834 207.522641 -61.637789
      2     -18.893179 -56.567001 273.372411
 P Tensor eigenvectors:
                   0          1          2    
      0      -0.029890  -0.736719   0.675538
      1       0.867425   0.316701   0.383765
      2       0.496670  -0.597449  -0.629582
 P Eigenvalues: 
                  0          1          2    
      0     172.711072 272.908675 339.752302
P(iso)  261.790683
 Nucleus: 9 F  
 Shielding tensor (ppm): 
                  0          1          2    
      0     317.113503  -8.311419 -24.880875
      1      -4.382734 196.643934 -41.971660
      2     -43.616481 -36.093864 284.160433
 P Tensor eigenvectors:
                   0          1          2    
      0      -0.133902   0.559176  -0.818164
      1      -0.914779  -0.387254  -0.114955
      2      -0.381117   0.733046   0.563376
 P Eigenvalues: 
                  0          1          2    
      0     179.248628 278.172153 340.497090
P(iso)  265.972623
 Nucleus: 10 F  
 Shielding tensor (ppm): 
                  0          1          2    
      0     284.386597  17.719838  41.976329
      1      18.556832 159.372389 -15.469096
      2      41.899189 -17.989565 303.794632
 P Tensor eigenvectors:
                   0          1          2    
      0      -0.184258  -0.762721   0.619923
      1       0.969471  -0.244854  -0.013102
      2       0.161784   0.598584   0.784553
 P Eigenvalues: 
                  0          1          2    
      0     153.168507 257.230670 337.154441
P(iso)  249.184539
# -------------------------------------------------------------
----------------------- !GEOMETRIES! ------------------------
# -------------------------------------------------------------
------------------------ !GEOMETRY! -------------------------
    Number of atoms:    23 
    Geometry Index:     1 
    Coordinates:
               0 C     -2.598351000000    0.884059000000    1.085800000000
               1 C     -2.665769000000    2.270910000000    1.587320000000
               2 C     -1.778420000000    2.397030000000    2.814410000000
               3 H     -3.704272000000    2.510719000000    1.828566000000
               4 H     -2.339358000000    2.951068000000    0.796194000000
               5 H     -2.110330000000    1.742989000000    3.620683000000
               6 H     -0.739180000000    2.160654000000    2.583635000000
               7 H     -1.798360000000    3.419775000000    3.198868000000
               8 F     -3.058540000000    0.184425000000    2.138736000000
               9 F     -1.306018000000    0.743549000000    0.769943000000
              10 F     -3.437739000000    0.912349000000    0.020896000000
              11 H     -2.036373000000   -4.458654000000    1.625108000000
              12 C     -2.190852000000   -4.160282000000    0.594658000000
              13 C     -3.486343000000   -4.055552000000    0.084989000000
              14 H     -4.337783000000   -4.275170000000    0.718077000000
              15 C     -3.686731000000   -3.632662000000   -1.230101000000
              16 H     -4.693288000000   -3.524865000000   -1.615908000000
              17 C     -2.591862000000   -3.310732000000   -2.033722000000
              18 H     -2.748081000000   -2.950177000000   -3.043676000000
              19 C     -1.296502000000   -3.417732000000   -1.524701000000
              20 H     -0.448794000000   -3.138346000000   -2.139396000000
              21 C     -1.095882000000   -3.844512000000   -0.211201000000
              22 H     -0.091984000000   -3.897568000000    0.194293000000
