-------------------------------------------------------------
----------------------- !PROPERTIES! ------------------------
-------------------------------------------------------------
# -----------------------------------------------------------
$ PAL_Flags
   description: The PAL Flags
   geom. index: 1
   prop. index: 1
        Diskflag:     2
# -----------------------------------------------------------
$ SCF_Energy
   description: The SCF energy
   geom. index: 1
   prop. index: 1
        SCF Energy:     -648.6428249122
# -----------------------------------------------------------
$ DFT_Energy
   description: The DFT energy
   geom. index: 1
   prop. index: 1
   Number of Alpha Electrons                 46.0000391210 
   Number of Beta  Electrons                 46.0000391210 
   Total number of  Electrons                92.0000782421 
   Exchange energy                          -60.4322150181 
   Correlation energy                        -3.0767756463 
   Correlation energy NL                      0.0000000000 
   Exchange-Correlation energy              -63.5089906643 
   Embedding correction                       0.0000000000 
   Total DFT Energy (No VdW correction)    -648.6428249122 
# -----------------------------------------------------------
$ Mayer_Pop
   description: The Mayer population analysis
   geom. index: 1
   prop. index: 1
     Number of atoms                     : 23
     Threshold for printing              : 0.1000000
     Number of bond orders printed       : 22
  NA   - Mulliken gross atomic population
  ZA   - Total nuclear charge
  QA   - Mulliken gross atomic charge
  VA   - Mayer's total valence
  BVA  - Mayer's bonded valence
  FA   - Mayer's free valence
  ATOM       NA         ZA         QA         VA         BVA        FA
  0   0     5.2891     6.0000     0.7109     4.0290     4.0290     0.0000
  1   0     6.0815     6.0000    -0.0815     3.9940     3.9940     0.0000
  2   0     6.1087     6.0000    -0.1087     3.9573     3.9573    -0.0000
  3   0     0.9614     1.0000     0.0386     1.0276     1.0276    -0.0000
  4   0     0.9620     1.0000     0.0380     1.0272     1.0272    -0.0000
  5   0     0.9544     1.0000     0.0456     1.0197     1.0197     0.0000
  6   0     0.9557     1.0000     0.0443     1.0205     1.0205     0.0000
  7   0     0.9655     1.0000     0.0345     1.0144     1.0144     0.0000
  8   0     9.2402     9.0000    -0.2402     1.0344     1.0344    -0.0000
  9   0     9.2361     9.0000    -0.2361     1.0436     1.0436     0.0000
 10   0     9.2447     9.0000    -0.2447     1.0282     1.0282     0.0000
 11   0     0.9743     1.0000     0.0257     1.0220     1.0220    -0.0000
 12   0     6.0265     6.0000    -0.0265     3.8845     3.8845    -0.0000
 13   0     6.0261     6.0000    -0.0261     3.8847     3.8847     0.0000
 14   0     0.9745     1.0000     0.0255     1.0221     1.0221    -0.0000
 15   0     6.0246     6.0000    -0.0246     3.8851     3.8851     0.0000
 16   0     0.9745     1.0000     0.0255     1.0221     1.0221     0.0000
 17   0     6.0252     6.0000    -0.0252     3.8848     3.8848    -0.0000
 18   0     0.9745     1.0000     0.0255     1.0221     1.0221     0.0000
 19   0     6.0260     6.0000    -0.0260     3.8847     3.8847    -0.0000
 20   0     0.9745     1.0000     0.0255     1.0221     1.0221     0.0000
 21   0     6.0259     6.0000    -0.0259     3.8845     3.8845    -0.0000
 22   0     0.9743     1.0000     0.0257     1.0219     1.0219    -0.0000
      Bond orders larger than 0.1000000
           Atom A     A.N. of A          Atom B    A.N. of B              Bond order
                0             6               1            6                1.008142
                0             6               8            9                0.999810
                0             6               9            9                1.008628
                0             6              10            9                1.000346
                1             6               2            6                0.968309
                1             6               3            1                1.000412
                1             6               4            1                1.000151
                2             6               5            1                1.000386
                2             6               6            1                1.000568
                2             6               7            1                0.995398
               11             1              12            6                1.022223
               12             6              13            6                1.415390
               12             6              21            6                1.415893
               13             6              14            1                1.022351
               13             6              15            6                1.415847
               15             6              16            1                1.022150
               15             6              17            6                1.415860
               17             6              18            1                1.022148
               17             6              19            6                1.415575
               19             6              20            1                1.022213
               19             6              21            6                1.415737
               21             6              22            1                1.022023
# -----------------------------------------------------------
$ Calculation_Info
   description: Details of the calculation
   geom. index: 1
   prop. index: 1
     Multiplicity:                          1
     Charge:                                0
     number of atoms:                       23
     number of electrons:                   0
     number of frozen core electrons:       1
     number of correlated electrons:        0
     number of basis functions:             586
     number of aux C basis functions:       0
     number of aux J basis functions:       0
     number of aux JK basis functions:      2932
     number of aux CABS basis functions:    0
     Total Energy                           -648.642825
# -----------------------------------------------------------
$ SCF_Electric_Properties
   description: The SCF Calculated Electric Properties
   geom. index: 1
   prop. index: 1
       Filename                          : run_all_displaced_distances_job12.scfp 
       Do Dipole Moment Calculation      : true 
       Do Quadrupole Moment Calculation  : false 
       Do Polarizability Calculation     : false 
** Dipole moment part of electric properties **
        Magnitude of dipole moment (Debye) :        1.3425766144
        Electronic Contribution:
                  0    
      0      -2.098670
      1       4.507235
      2      -0.544469
        Nuclear Contribution:
                  0    
      0       2.137281
      1      -4.033275
      2       0.774395
        Total Dipole moment:
                  0    
      0       0.038610
      1       0.473960
      2       0.229926
# -----------------------------------------------------------
$ EPRNMR_OrbitalShielding
   description: Orbital contribution to the NMR Shielding tensor (ppm)
   geom. index: 1
   prop. index: 1
 Number of stored nuclei 23
 Source density: 1 SCF 
 Nucleus: 3 H  
 Shielding tensor (ppm): 
                  0          1          2    
      0      32.841203  -2.044704   0.778061
      1      -3.306787  29.087622   1.829792
      2       0.110241   1.660568  27.551912
 P Tensor eigenvectors:
                   0          1          2    
      0      -0.283819   0.375915  -0.882120
      1      -0.632298   0.618229   0.466897
      2       0.720865   0.690276   0.062225
 P Eigenvalues: 
                  0          1          2    
      0      25.858938  29.362624  34.259175
P(iso)  29.826912
 Nucleus: 4 H  
 Shielding tensor (ppm): 
                  0          1          2    
      0      26.213866   0.771255   0.409096
      1       1.122136  32.187025  -3.272527
      2       0.691158  -1.908784  31.174065
 P Tensor eigenvectors:
                   0          1          2    
      0       0.949635   0.309460  -0.049261
      1      -0.233430   0.593741  -0.770053
      2      -0.209053   0.742769   0.636075
 P Eigenvalues: 
                  0          1          2    
      0      25.865131  29.371914  34.337909
P(iso)  29.858318
 Nucleus: 5 H  
 Shielding tensor (ppm): 
                  0          1          2    
      0      26.826042   1.565979  -0.097883
      1       2.312232  29.595976  -1.294178
      2      -0.594481  -2.394160  35.083747
 P Tensor eigenvectors:
                   0          1          2    
      0       0.873601   0.473919  -0.110557
      1      -0.482496   0.813908  -0.323654
      2      -0.063402   0.336088   0.939694
 P Eigenvalues: 
                  0          1          2    
      0      25.794902  29.970447  35.740416
P(iso)  30.501921
 Nucleus: 6 H  
 Shielding tensor (ppm): 
                  0          1          2    
      0      35.650434  -0.396166   0.302794
      1       0.217797  27.546929   2.426425
      2       1.348558   1.689016  28.397581
 P Tensor eigenvectors:
                   0          1          2    
      0       0.059283   0.092475  -0.993949
      1       0.772618  -0.634739  -0.012973
      2      -0.632097  -0.767174  -0.109077
 P Eigenvalues: 
                  0          1          2    
      0      25.835377  30.014232  35.745336
P(iso)  30.531648
 Nucleus: 7 H  
 Shielding tensor (ppm): 
                  0          1          2    
      0      26.986998   1.073143   1.471051
      1       0.793739  35.114275   4.660394
      2       1.369059   4.951793  30.042281
 P Tensor eigenvectors:
                   0          1          2    
      0      -0.781904   0.608928   0.133538
      1      -0.231012  -0.481983   0.845178
      2       0.579015   0.629999   0.517535
 P Eigenvalues: 
                  0          1          2    
      0      26.210709  27.710553  38.222292
P(iso)  30.714518
 Nucleus: 11 H  
 Shielding tensor (ppm): 
                  0          1          2    
      0      26.806153   0.376604  -0.467624
      1       0.388328  21.674969  -0.709220
      2      -0.455692  -0.878948  22.644420
 P Tensor eigenvectors:
                   0          1          2    
      0      -0.019762   0.152869  -0.988049
      1       0.874047  -0.477184  -0.091311
      2       0.485440   0.865405   0.124185
 P Eigenvalues: 
                  0          1          2    
      0      21.227216  22.998825  26.899502
P(iso)  23.708514
 Nucleus: 14 H  
 Shielding tensor (ppm): 
                  0          1          2    
      0      24.461515  -0.103355   2.001846
      1      -0.214141  21.724327  -1.256855
      2       1.964271  -1.327132  24.937637
 P Tensor eigenvectors:
                   0          1          2    
      0      -0.205840  -0.755690   0.621742
      1       0.887605  -0.411702  -0.206539
      2       0.412052   0.509347   0.755499
 P Eigenvalues: 
                  0          1          2    
      0      21.162428  23.037577  26.923473
P(iso)  23.707826
 Nucleus: 16 H  
 Shielding tensor (ppm): 
                  0          1          2    
      0      23.499934   0.904810  -1.107243
      1       0.803655  21.638471  -1.477217
      2      -1.141278  -1.434515  25.984204
 P Tensor eigenvectors:
                   0          1          2    
      0       0.229068   0.903330  -0.362661
      1      -0.946281   0.119305  -0.300531
      2      -0.228212   0.412021   0.882133
 P Eigenvalues: 
                  0          1          2    
      0      21.080891  23.099287  26.942431
P(iso)  23.707536
 Nucleus: 18 H  
 Shielding tensor (ppm): 
                  0          1          2    
      0      26.847689   0.501099  -0.422510
      1       0.461094  21.133324  -0.397869
      2      -0.442125  -0.224541  23.141190
 P Tensor eigenvectors:
                   0          1          2    
      0       0.072682   0.129847  -0.988866
      1      -0.988763  -0.120481  -0.088495
      2      -0.130631   0.984187   0.119631
 P Eigenvalues: 
                  0          1          2    
      0      21.056443  23.122792  26.942968
P(iso)  23.707401
 Nucleus: 20 H  
 Shielding tensor (ppm): 
                  0          1          2    
      0      24.515481  -0.744625   1.743659
      1      -0.624796  21.357238  -1.041961
      2       1.774307  -0.932117  25.250474
 P Tensor eigenvectors:
                   0          1          2    
      0       0.098831  -0.784088   0.612730
      1       0.976879  -0.040860  -0.209853
      2       0.189579   0.619303   0.761921
 P Eigenvalues: 
                  0          1          2    
      0      21.096121  23.089902  26.937170
P(iso)  23.707731
 Nucleus: 22 H  
 Shielding tensor (ppm): 
                  0          1          2    
      0      23.543689   0.146332  -1.398123
      1       0.252853  21.814419  -1.622798
      2      -1.357201  -1.667025  25.759359
 P Tensor eigenvectors:
                   0          1          2    
      0      -0.140207   0.915693  -0.376626
      1      -0.917640  -0.263035  -0.297907
      2      -0.371858   0.303839   0.877157
 P Eigenvalues: 
                  0          1          2    
      0      21.179025  23.028772  26.909670
P(iso)  23.705822
 Nucleus: 0 C  
 Shielding tensor (ppm): 
                  0          1          2    
      0      50.433389  -0.931133   4.501421
      1      -0.885717  45.662952  -1.868876
      2       4.391563  -1.636737  51.553988
 P Tensor eigenvectors:
                   0          1          2    
      0      -0.129126  -0.755456   0.642349
      1       0.930553  -0.316135  -0.184740
      2       0.342632   0.573886   0.743813
 P Eigenvalues: 
                  0          1          2    
      0      45.141220  46.672272  55.836837
P(iso)  49.216776
 Nucleus: 1 C  
 Shielding tensor (ppm): 
                  0          1          2    
      0     134.202779   0.158714   2.094698
      1      -2.020255 164.811267  10.151831
      2       0.637646  13.661371 139.520615
 P Tensor eigenvectors:
                   0          1          2    
      0      -0.769638   0.638317  -0.014477
      1      -0.242101  -0.270778   0.931701
      2       0.590800   0.720577   0.362938
 P Eigenvalues: 
                  0          1          2    
      0     132.857649 136.140367 169.536645
P(iso)  146.178220
 Nucleus: 2 C  
 Shielding tensor (ppm): 
                  0          1          2    
      0     173.790291   1.493286  11.483090
      1      -0.700220 170.349210   0.863891
      2      10.542186   3.263361 180.928598
 P Tensor eigenvectors:
                   0          1          2    
      0       0.784756   0.216936   0.580600
      1       0.191734  -0.975767   0.105433
      2      -0.589403  -0.028582   0.807333
 P Eigenvalues: 
                  0          1          2    
      0     165.609004 170.330458 189.128637
P(iso)  175.022700
 Nucleus: 12 C  
 Shielding tensor (ppm): 
                  0          1          2    
      0      30.793386  -2.454161 -15.817724
      1      -3.271205 157.044523  64.313134
      2     -16.361148  68.801259 -49.437453
 P Tensor eigenvectors:
                   0          1          2    
      0       0.988403  -0.141985  -0.053846
      1       0.089042   0.254676   0.962918
      2      -0.123007  -0.956546   0.264365
 P Eigenvalues: 
                  0          1          2    
      0      32.530879 -71.018881 176.888459
P(iso)  46.133485
 Nucleus: 13 C  
 Shielding tensor (ppm): 
                  0          1          2    
      0     -31.535183 -21.600070  46.052257
      1     -17.719313 160.021661  51.691884
      2      47.262773  54.576745   9.692409
 P Tensor eigenvectors:
                   0          1          2    
      0      -0.617226   0.786771   0.004789
      1       0.219977   0.178411  -0.959051
      2      -0.755409  -0.590898  -0.283192
 P Eigenvalues: 
                  0          1          2    
      0      32.448981 -71.147432 176.877339
P(iso)  46.059629
 Nucleus: 15 C  
 Shielding tensor (ppm): 
                  0          1          2    
      0     -57.026439   4.562542 -35.991416
      1       9.293435 160.700472  49.022574
      2     -34.417991  47.119339  34.508894
 P Tensor eigenvectors:
                   0          1          2    
      0      -0.368001   0.929822   0.002725
      1      -0.308537  -0.124875   0.942980
      2       0.877143   0.346176   0.332839
 P Eigenvalues: 
                  0          1          2    
      0      32.407225 -71.090314 176.866015
P(iso)  46.060975
 Nucleus: 17 C  
 Shielding tensor (ppm): 
                  0          1          2    
      0      30.518395  -1.059600 -16.312770
      1      -0.440151 148.243290  80.940801
      2     -15.761390  76.299228 -40.504058
 P Tensor eigenvectors:
                   0          1          2    
      0       0.988809  -0.144032  -0.038877
      1       0.088214   0.354323   0.930953
      2      -0.120312  -0.923964   0.363063
 P Eigenvalues: 
                  0          1          2    
      0      32.422531 -71.003867 176.838964
P(iso)  46.085876
 Nucleus: 19 C  
 Shielding tensor (ppm): 
                  0          1          2    
      0     -30.214548 -28.367786  43.322065
      1     -32.206094 153.479316  61.595780
      2      42.067462  58.839892  15.116592
 P Tensor eigenvectors:
                   0          1          2    
      0      -0.619921   0.779753  -0.087651
      1       0.219273   0.279407   0.934800
      2      -0.753404  -0.560282   0.344189
 P Eigenvalues: 
                  0          1          2    
      0      32.567380 -70.999820 176.813801
P(iso)  46.127120
 Nucleus: 21 C  
 Shielding tensor (ppm): 
                  0          1          2    
      0     -55.587235  -2.875064 -38.321135
      1      -7.673925 162.691056  42.533310
      2     -39.932005  44.404442  31.397790
 P Tensor eigenvectors:
                   0          1          2    
      0      -0.370921   0.923664  -0.096243
      1      -0.308269  -0.024704   0.950978
      2       0.876007   0.382407   0.293900
 P Eigenvalues: 
                  0          1          2    
      0      32.650314 -70.954571 176.805867
P(iso)  46.167203
 Nucleus: 8 F  
 Shielding tensor (ppm): 
                  0          1          2    
      0     304.678576  26.101521 -35.405098
      1      13.430173 207.119534 -61.960282
      2     -18.774741 -56.697612 273.341699
 P Tensor eigenvectors:
                   0          1          2    
      0      -0.030268  -0.736079   0.676219
      1       0.867745   0.316420   0.383271
      2       0.496087  -0.598386  -0.629152
 P Eigenvalues: 
                  0          1          2    
      0     172.202085 273.085623 339.852101
P(iso)  261.713270
 Nucleus: 9 F  
 Shielding tensor (ppm): 
                  0          1          2    
      0     317.158728  -8.275979 -24.794753
      1      -4.483154 196.210282 -42.172064
      2     -43.651807 -36.345248 284.318437
 P Tensor eigenvectors:
                   0          1          2    
      0      -0.133218   0.560311  -0.817499
      1      -0.915089  -0.386311  -0.115656
      2      -0.380612   0.732677   0.564198
 P Eigenvalues: 
                  0          1          2    
      0     178.747541 278.365911 340.573994
P(iso)  265.895815
 Nucleus: 10 F  
 Shielding tensor (ppm): 
                  0          1          2    
      0     284.456863  17.774951  41.856427
      1      18.713076 158.889124 -15.588859
      2      41.811354 -18.176977 303.767373
 P Tensor eigenvectors:
                   0          1          2    
      0      -0.184043  -0.762643   0.620084
      1       0.969451  -0.244914  -0.013484
      2       0.162150   0.598659   0.784420
 P Eigenvalues: 
                  0          1          2    
      0     152.636609 257.412119 337.064633
P(iso)  249.037787
# -------------------------------------------------------------
----------------------- !GEOMETRIES! ------------------------
# -------------------------------------------------------------
------------------------ !GEOMETRY! -------------------------
    Number of atoms:    23 
    Geometry Index:     1 
    Coordinates:
               0 C     -2.598351000000    0.884059000000    1.085800000000
               1 C     -2.665769000000    2.270910000000    1.587320000000
               2 C     -1.778420000000    2.397030000000    2.814410000000
               3 H     -3.704272000000    2.510719000000    1.828566000000
               4 H     -2.339358000000    2.951068000000    0.796194000000
               5 H     -2.110330000000    1.742989000000    3.620683000000
               6 H     -0.739180000000    2.160654000000    2.583635000000
               7 H     -1.798360000000    3.419775000000    3.198868000000
               8 F     -3.058540000000    0.184425000000    2.138736000000
               9 F     -1.306018000000    0.743549000000    0.769943000000
              10 F     -3.437739000000    0.912349000000    0.020896000000
              11 H     -2.042134000000   -4.912316000000    1.414972000000
              12 C     -2.196613000000   -4.613944000000    0.384522000000
              13 C     -3.492103000000   -4.509214000000   -0.125147000000
              14 H     -4.343544000000   -4.728832000000    0.507941000000
              15 C     -3.692491000000   -4.086324000000   -1.440237000000
              16 H     -4.699048000000   -3.978528000000   -1.826045000000
              17 C     -2.597623000000   -3.764394000000   -2.243859000000
              18 H     -2.753842000000   -3.403839000000   -3.253812000000
              19 C     -1.302263000000   -3.871395000000   -1.734837000000
              20 H     -0.454554000000   -3.592009000000   -2.349533000000
              21 C     -1.101642000000   -4.298174000000   -0.421337000000
              22 H     -0.097745000000   -4.351230000000   -0.015843000000
