-------------------------------------------------------------
----------------------- !PROPERTIES! ------------------------
-------------------------------------------------------------
# -----------------------------------------------------------
$ PAL_Flags
   description: The PAL Flags
   geom. index: 1
   prop. index: 1
        Diskflag:     2
# -----------------------------------------------------------
$ SCF_Energy
   description: The SCF energy
   geom. index: 1
   prop. index: 1
        SCF Energy:     -648.6427214834
# -----------------------------------------------------------
$ DFT_Energy
   description: The DFT energy
   geom. index: 1
   prop. index: 1
   Number of Alpha Electrons                 45.9999996472 
   Number of Beta  Electrons                 45.9999996472 
   Total number of  Electrons                91.9999992944 
   Exchange energy                          -60.4323152440 
   Correlation energy                        -3.0767942522 
   Correlation energy NL                      0.0000000000 
   Exchange-Correlation energy              -63.5091094962 
   Embedding correction                       0.0000000000 
   Total DFT Energy (No VdW correction)    -648.6427214834 
# -----------------------------------------------------------
$ Mayer_Pop
   description: The Mayer population analysis
   geom. index: 1
   prop. index: 1
     Number of atoms                     : 23
     Threshold for printing              : 0.1000000
     Number of bond orders printed       : 22
  NA   - Mulliken gross atomic population
  ZA   - Total nuclear charge
  QA   - Mulliken gross atomic charge
  VA   - Mayer's total valence
  BVA  - Mayer's bonded valence
  FA   - Mayer's free valence
  ATOM       NA         ZA         QA         VA         BVA        FA
  0   0     5.2981     6.0000     0.7019     4.0489     4.0489     0.0000
  1   0     6.0777     6.0000    -0.0777     3.9876     3.9876     0.0000
  2   0     6.1082     6.0000    -0.1082     3.9568     3.9568    -0.0000
  3   0     0.9610     1.0000     0.0390     1.0274     1.0274     0.0000
  4   0     0.9616     1.0000     0.0384     1.0270     1.0270     0.0000
  5   0     0.9543     1.0000     0.0457     1.0197     1.0197     0.0000
  6   0     0.9556     1.0000     0.0444     1.0205     1.0205     0.0000
  7   0     0.9653     1.0000     0.0347     1.0140     1.0140     0.0000
  8   0     9.2391     9.0000    -0.2391     1.0360     1.0360     0.0000
  9   0     9.2352     9.0000    -0.2352     1.0450     1.0450     0.0000
 10   0     9.2438     9.0000    -0.2438     1.0297     1.0297     0.0000
 11   0     0.9740     1.0000     0.0260     1.0220     1.0220     0.0000
 12   0     6.0263     6.0000    -0.0263     3.8840     3.8840     0.0000
 13   0     6.0260     6.0000    -0.0260     3.8841     3.8841     0.0000
 14   0     0.9741     1.0000     0.0259     1.0220     1.0220     0.0000
 15   0     6.0254     6.0000    -0.0254     3.8843     3.8843     0.0000
 16   0     0.9742     1.0000     0.0258     1.0220     1.0220     0.0000
 17   0     6.0259     6.0000    -0.0259     3.8841     3.8841     0.0000
 18   0     0.9741     1.0000     0.0259     1.0220     1.0220     0.0000
 19   0     6.0260     6.0000    -0.0260     3.8842     3.8842     0.0000
 20   0     0.9741     1.0000     0.0259     1.0219     1.0219     0.0000
 21   0     6.0259     6.0000    -0.0259     3.8842     3.8842     0.0000
 22   0     0.9740     1.0000     0.0260     1.0219     1.0219     0.0000
      Bond orders larger than 0.1000000
           Atom A     A.N. of A          Atom B    A.N. of B              Bond order
                0             6               1            6                1.009950
                0             6               8            9                1.004072
                0             6               9            9                1.012692
                0             6              10            9                1.003895
                1             6               2            6                0.967282
                1             6               3            1                0.999153
                1             6               4            1                0.998819
                2             6               5            1                1.000333
                2             6               6            1                1.000518
                2             6               7            1                0.995202
               11             1              12            6                1.022346
               12             6              13            6                1.415198
               12             6              21            6                1.415617
               13             6              14            1                1.022404
               13             6              15            6                1.415613
               15             6              16            1                1.022359
               15             6              17            6                1.415429
               17             6              18            1                1.022361
               17             6              19            6                1.415388
               19             6              20            1                1.022290
               19             6              21            6                1.415586
               21             6              22            1                1.022191
# -----------------------------------------------------------
$ Calculation_Info
   description: Details of the calculation
   geom. index: 1
   prop. index: 1
     Multiplicity:                          1
     Charge:                                0
     number of atoms:                       23
     number of electrons:                   0
     number of frozen core electrons:       1
     number of correlated electrons:        0
     number of basis functions:             586
     number of aux C basis functions:       0
     number of aux J basis functions:       0
     number of aux JK basis functions:      2932
     number of aux CABS basis functions:    0
     Total Energy                           -648.642721
# -----------------------------------------------------------
$ SCF_Electric_Properties
   description: The SCF Calculated Electric Properties
   geom. index: 1
   prop. index: 1
       Filename                          : run_all_displaced_distances_job17.scfp 
       Do Dipole Moment Calculation      : true 
       Do Quadrupole Moment Calculation  : false 
       Do Polarizability Calculation     : false 
** Dipole moment part of electric properties **
        Magnitude of dipole moment (Debye) :        1.3567521094
        Electronic Contribution:
                  0    
      0      -2.063622
      1       7.103564
      2       0.661004
        Nuclear Contribution:
                  0    
      0       2.104362
      1      -6.625810
      2      -0.426465
        Total Dipole moment:
                  0    
      0       0.040741
      1       0.477754
      2       0.234539
# -----------------------------------------------------------
$ EPRNMR_OrbitalShielding
   description: Orbital contribution to the NMR Shielding tensor (ppm)
   geom. index: 1
   prop. index: 1
 Number of stored nuclei 23
 Source density: 1 SCF 
 Nucleus: 3 H  
 Shielding tensor (ppm): 
                  0          1          2    
      0      32.866481  -2.014132   0.790873
      1      -3.233376  28.858874   1.727185
      2       0.133661   1.571108  27.539634
 P Tensor eigenvectors:
                   0          1          2    
      0      -0.284454   0.346079  -0.894044
      1      -0.646065   0.619799   0.445476
      2       0.708298   0.704328   0.047285
 P Eigenvalues: 
                  0          1          2    
      0      25.861343  29.224035  34.179610
P(iso)  29.754996
 Nucleus: 4 H  
 Shielding tensor (ppm): 
                  0          1          2    
      0      26.246180   0.777624   0.412304
      1       1.110383  31.924611  -3.327857
      2       0.695906  -1.995384  31.199130
 P Tensor eigenvectors:
                   0          1          2    
      0       0.943325   0.328763  -0.045311
      1      -0.249120   0.611273  -0.751188
      2      -0.219265   0.719902   0.658531
 P Eigenvalues: 
                  0          1          2    
      0      25.873034  29.234048  34.262838
P(iso)  29.789974
 Nucleus: 5 H  
 Shielding tensor (ppm): 
                  0          1          2    
      0      26.858355   1.571320  -0.098781
      1       2.287403  29.458180  -1.487841
      2      -0.603467  -2.491404  35.041478
 P Tensor eigenvectors:
                   0          1          2    
      0       0.863013   0.492330  -0.113227
      1      -0.499654   0.798784  -0.335098
      2      -0.074535   0.345768   0.935355
 P Eigenvalues: 
                  0          1          2    
      0      25.785941  29.794439  35.777634
P(iso)  30.452671
 Nucleus: 6 H  
 Shielding tensor (ppm): 
                  0          1          2    
      0      35.695290  -0.417536   0.295494
      1       0.122920  27.368141   2.290049
      2       1.308580   1.601870  28.373683
 P Tensor eigenvectors:
                   0          1          2    
      0       0.060509   0.082338  -0.994766
      1       0.787609  -0.616168  -0.003093
      2      -0.613198  -0.783299  -0.102134
 P Eigenvalues: 
                  0          1          2    
      0      25.823527  29.831456  35.782132
P(iso)  30.479038
 Nucleus: 7 H  
 Shielding tensor (ppm): 
                  0          1          2    
      0      27.007671   1.072488   1.468438
      1       0.779998  34.999630   4.573887
      2       1.357687   4.893735  30.027670
 P Tensor eigenvectors:
                   0          1          2    
      0      -0.782722   0.607620   0.134697
      1      -0.230032  -0.483543   0.844554
      2       0.578300   0.630066   0.518252
 P Eigenvalues: 
                  0          1          2    
      0      26.235392  27.728424  38.071156
P(iso)  30.678324
 Nucleus: 11 H  
 Shielding tensor (ppm): 
                  0          1          2    
      0      26.920954   0.409369  -0.466487
      1       0.427310  21.429442  -0.679489
      2      -0.450869  -0.856450  22.784753
 P Tensor eigenvectors:
                   0          1          2    
      0      -0.033665   0.149758  -0.988149
      1       0.914132  -0.395068  -0.091017
      2       0.404017   0.906363   0.123599
 P Eigenvalues: 
                  0          1          2    
      0      21.076361  23.041944  27.016843
P(iso)  23.711716
 Nucleus: 14 H  
 Shielding tensor (ppm): 
                  0          1          2    
      0      24.552077  -0.219580   1.978568
      1      -0.330549  21.526309  -1.277878
      2       1.942633  -1.358503  25.060998
 P Tensor eigenvectors:
                   0          1          2    
      0      -0.133894  -0.773421   0.619590
      1       0.920363  -0.328860  -0.211618
      2       0.367428   0.541914   0.755861
 P Eigenvalues: 
                  0          1          2    
      0      21.041094  23.060730  27.037559
P(iso)  23.713128
 Nucleus: 16 H  
 Shielding tensor (ppm): 
                  0          1          2    
      0      23.575593   0.791098  -1.170143
      1       0.694393  21.555153  -1.605590
      2      -1.202861  -1.565314  26.015396
 P Tensor eigenvectors:
                   0          1          2    
      0       0.153523   0.918246  -0.365042
      1      -0.952162   0.038684  -0.303136
      2      -0.264232   0.394118   0.880257
 P Eigenvalues: 
                  0          1          2    
      0      20.995524  23.097181  27.053437
P(iso)  23.715381
 Nucleus: 18 H  
 Shielding tensor (ppm): 
                  0          1          2    
      0      26.954626   0.491137  -0.429659
      1       0.460837  21.109335  -0.562125
      2      -0.445045  -0.395025  23.080517
 P Tensor eigenvectors:
                   0          1          2    
      0      -0.062776   0.135237  -0.988823
      1       0.976296  -0.197311  -0.088966
      2       0.207137   0.970968   0.119645
 P Eigenvalues: 
                  0          1          2    
      0      20.976413  23.117743  27.050322
P(iso)  23.714826
 Nucleus: 20 H  
 Shielding tensor (ppm): 
                  0          1          2    
      0      24.590088  -0.654261   1.807430
      1      -0.531136  21.308354  -1.180574
      2       1.837950  -1.079309  25.248249
 P Tensor eigenvectors:
                   0          1          2    
      0       0.038612  -0.787350   0.615296
      1       0.969757  -0.118981  -0.213106
      2       0.240997   0.604916   0.758944
 P Eigenvalues: 
                  0          1          2    
      0      21.003455  23.099847  27.043389
P(iso)  23.715564
 Nucleus: 22 H  
 Shielding tensor (ppm): 
                  0          1          2    
      0      23.607164   0.279768  -1.360195
      1       0.392848  21.660125  -1.675184
      2      -1.319111  -1.722433  25.865897
 P Tensor eigenvectors:
                   0          1          2    
      0      -0.059900   0.925535  -0.373895
      1      -0.935899  -0.182334  -0.301410
      2      -0.347139   0.331874   0.877128
 P Eigenvalues: 
                  0          1          2    
      0      21.052083  23.060321  27.020782
P(iso)  23.711062
 Nucleus: 0 C  
 Shielding tensor (ppm): 
                  0          1          2    
      0      50.392879  -0.903346   4.522257
      1      -0.855389  45.035419  -2.110889
      2       4.413701  -1.842788  51.441979
 P Tensor eigenvectors:
                   0          1          2    
      0      -0.114102  -0.757904   0.642310
      1       0.935278  -0.299971  -0.187810
      2       0.335016   0.579309   0.743078
 P Eigenvalues: 
                  0          1          2    
      0      44.431498  46.626658  55.812122
P(iso)  48.956759
 Nucleus: 1 C  
 Shielding tensor (ppm): 
                  0          1          2    
      0     134.266311   0.170148   2.114374
      1      -1.983304 164.551205   9.999039
      2       0.654278  13.536023 139.549866
 P Tensor eigenvectors:
                   0          1          2    
      0      -0.771406   0.636196  -0.013723
      1      -0.240762  -0.271833   0.931741
      2       0.589039   0.722054   0.362865
 P Eigenvalues: 
                  0          1          2    
      0     132.922543 136.224780 169.220059
P(iso)  146.122461
 Nucleus: 2 C  
 Shielding tensor (ppm): 
                  0          1          2    
      0     173.882777   1.492595  11.485439
      1      -0.730373 170.209039   0.682782
      2      10.521487   3.159316 180.954069
 P Tensor eigenvectors:
                   0          1          2    
      0       0.785806   0.207918   0.582476
      1       0.185912  -0.977650   0.098166
      2      -0.589868  -0.031150   0.806898
 P Eigenvalues: 
                  0          1          2    
      0     165.705530 170.197818 189.142537
P(iso)  175.015295
 Nucleus: 12 C  
 Shielding tensor (ppm): 
                  0          1          2    
      0      30.923362  -2.415203 -15.811868
      1      -3.244198 156.787814  64.254555
      2     -16.360017  68.755418 -49.289698
 P Tensor eigenvectors:
                   0          1          2    
      0       0.988396  -0.142046  -0.053821
      1       0.089057   0.254849   0.962871
      2      -0.123056  -0.956491   0.264542
 P Eigenvalues: 
                  0          1          2    
      0      32.664149 -70.875702 176.633031
P(iso)  46.140493
 Nucleus: 13 C  
 Shielding tensor (ppm): 
                  0          1          2    
      0     -31.352111 -21.664618  46.044206
      1     -17.810034 159.763649  51.601695
      2      47.238848  54.489369   9.836961
 P Tensor eigenvectors:
                   0          1          2    
      0      -0.617369   0.786656   0.005286
      1       0.219740   0.178896  -0.959015
      2      -0.755360  -0.590905  -0.283305
 P Eigenvalues: 
                  0          1          2    
      0      32.624406 -70.985540 176.609632
P(iso)  46.082833
 Nucleus: 15 C  
 Shielding tensor (ppm): 
                  0          1          2    
      0     -56.845399   4.494366 -36.037935
      1       9.193848 160.510589  48.827363
      2     -34.477616  46.932925  34.640664
 P Tensor eigenvectors:
                   0          1          2    
      0      -0.368011   0.929819   0.002173
      1      -0.308488  -0.124300   0.943072
      2       0.877156   0.346390   0.332581
 P Eigenvalues: 
                  0          1          2    
      0      32.633545 -70.926866 176.599174
P(iso)  46.101951
 Nucleus: 17 C  
 Shielding tensor (ppm): 
                  0          1          2    
      0      30.728713  -1.043815 -16.308426
      1      -0.441729 148.102039  80.715579
      2     -15.761340  76.083063 -40.473697
 P Tensor eigenvectors:
                   0          1          2    
      0       0.988820  -0.143938  -0.038961
      1       0.088199   0.353872   0.931126
      2      -0.120237  -0.924152   0.362611
 P Eigenvalues: 
                  0          1          2    
      0      32.632885 -70.852400 176.576570
P(iso)  46.119018
 Nucleus: 19 C  
 Shielding tensor (ppm): 
                  0          1          2    
      0     -30.084992 -28.276358  43.358910
      1     -32.137845 153.340482  61.412311
      2      42.099657  58.659042  15.190983
 P Tensor eigenvectors:
                   0          1          2    
      0      -0.619799   0.779862  -0.087546
      1       0.219137   0.279113   0.934920
      2      -0.753544  -0.560278   0.343890
 P Eigenvalues: 
                  0          1          2    
      0      32.723525 -70.850170 176.573118
P(iso)  46.148824
 Nucleus: 21 C  
 Shielding tensor (ppm): 
                  0          1          2    
      0     -55.468829  -2.769439 -38.281587
      1      -7.594011 162.495001  42.443880
      2     -39.904788  44.322492  31.500092
 P Tensor eigenvectors:
                   0          1          2    
      0      -0.370875   0.923698  -0.096088
      1      -0.308199  -0.024818   0.950998
      2       0.876051   0.382316   0.293887
 P Eigenvalues: 
                  0          1          2    
      0      32.772281 -70.819506 176.573490
P(iso)  46.175421
 Nucleus: 8 F  
 Shielding tensor (ppm): 
                  0          1          2    
      0     304.835635  26.138714 -35.362536
      1      13.645639 206.378039 -62.473026
      2     -18.626521 -56.924448 273.248639
 P Tensor eigenvectors:
                   0          1          2    
      0      -0.031330  -0.735545   0.676751
      1       0.868353   0.315260   0.382849
      2       0.494956  -0.599653  -0.628836
 P Eigenvalues: 
                  0          1          2    
      0     171.294970 273.224974 339.942369
P(iso)  261.487438
 Nucleus: 9 F  
 Shielding tensor (ppm): 
                  0          1          2    
      0     317.253378  -8.229318 -24.677432
      1      -4.678612 195.443811 -42.470089
      2     -43.676675 -36.690493 284.454905
 P Tensor eigenvectors:
                   0          1          2    
      0      -0.132167   0.561105  -0.817125
      1      -0.915629  -0.384870  -0.116183
      2      -0.379678   0.732828   0.564631
 P Eigenvalues: 
                  0          1          2    
      0     177.891170 278.603847 340.657076
P(iso)  265.717364
 Nucleus: 10 F  
 Shielding tensor (ppm): 
                  0          1          2    
      0     284.613030  17.837750  41.720681
      1      19.010534 158.078633 -15.831075
      2      41.777411 -18.515685 303.754452
 P Tensor eigenvectors:
                   0          1          2    
      0      -0.183738  -0.762317   0.620574
      1       0.969359  -0.245235  -0.014243
      2       0.163044   0.598943   0.784018
 P Eigenvalues: 
                  0          1          2    
      0     151.730136 257.679537 337.036442
P(iso)  248.815372
# -------------------------------------------------------------
----------------------- !GEOMETRIES! ------------------------
# -------------------------------------------------------------
------------------------ !GEOMETRY! -------------------------
    Number of atoms:    23 
    Geometry Index:     1 
    Coordinates:
               0 C     -2.598351000000    0.884059000000    1.085800000000
               1 C     -2.665769000000    2.270910000000    1.587320000000
               2 C     -1.778420000000    2.397030000000    2.814410000000
               3 H     -3.704272000000    2.510719000000    1.828566000000
               4 H     -2.339358000000    2.951068000000    0.796194000000
               5 H     -2.110330000000    1.742989000000    3.620683000000
               6 H     -0.739180000000    2.160654000000    2.583635000000
               7 H     -1.798360000000    3.419775000000    3.198868000000
               8 F     -3.058540000000    0.184425000000    2.138736000000
               9 F     -1.306018000000    0.743549000000    0.769943000000
              10 F     -3.437739000000    0.912349000000    0.020896000000
              11 H     -2.056535000000   -6.046472000000    0.889631000000
              12 C     -2.211014000000   -5.748100000000   -0.140819000000
              13 C     -3.506504000000   -5.643370000000   -0.650488000000
              14 H     -4.357945000000   -5.862988000000   -0.017400000000
              15 C     -3.706893000000   -5.220480000000   -1.965578000000
              16 H     -4.713449000000   -5.112684000000   -2.351385000000
              17 C     -2.612024000000   -4.898550000000   -2.769199000000
              18 H     -2.768243000000   -4.537995000000   -3.779152000000
              19 C     -1.316664000000   -5.005551000000   -2.260178000000
              20 H     -0.468955000000   -4.726165000000   -2.874873000000
              21 C     -1.116043000000   -5.432330000000   -0.946678000000
              22 H     -0.112146000000   -5.485386000000   -0.541184000000
