-------------------------------------------------------------
----------------------- !PROPERTIES! ------------------------
-------------------------------------------------------------
# -----------------------------------------------------------
$ PAL_Flags
   description: The PAL Flags
   geom. index: 1
   prop. index: 1
        Diskflag:     2
# -----------------------------------------------------------
$ SCF_Energy
   description: The SCF energy
   geom. index: 1
   prop. index: 1
        SCF Energy:     -648.6427265807
# -----------------------------------------------------------
$ DFT_Energy
   description: The DFT energy
   geom. index: 1
   prop. index: 1
   Number of Alpha Electrons                 46.0000125183 
   Number of Beta  Electrons                 46.0000125183 
   Total number of  Electrons                92.0000250365 
   Exchange energy                          -60.4323061490 
   Correlation energy                        -3.0767916862 
   Correlation energy NL                      0.0000000000 
   Exchange-Correlation energy              -63.5090978352 
   Embedding correction                       0.0000000000 
   Total DFT Energy (No VdW correction)    -648.6427265807 
# -----------------------------------------------------------
$ Mayer_Pop
   description: The Mayer population analysis
   geom. index: 1
   prop. index: 1
     Number of atoms                     : 23
     Threshold for printing              : 0.1000000
     Number of bond orders printed       : 22
  NA   - Mulliken gross atomic population
  ZA   - Total nuclear charge
  QA   - Mulliken gross atomic charge
  VA   - Mayer's total valence
  BVA  - Mayer's bonded valence
  FA   - Mayer's free valence
  ATOM       NA         ZA         QA         VA         BVA        FA
  0   0     5.2977     6.0000     0.7023     4.0483     4.0483     0.0000
  1   0     6.0779     6.0000    -0.0779     3.9879     3.9879    -0.0000
  2   0     6.1082     6.0000    -0.1082     3.9568     3.9568    -0.0000
  3   0     0.9610     1.0000     0.0390     1.0274     1.0274    -0.0000
  4   0     0.9616     1.0000     0.0384     1.0270     1.0270    -0.0000
  5   0     0.9543     1.0000     0.0457     1.0197     1.0197    -0.0000
  6   0     0.9556     1.0000     0.0444     1.0205     1.0205     0.0000
  7   0     0.9654     1.0000     0.0346     1.0140     1.0140    -0.0000
  8   0     9.2392     9.0000    -0.2392     1.0359     1.0359    -0.0000
  9   0     9.2353     9.0000    -0.2353     1.0449     1.0449    -0.0000
 10   0     9.2439     9.0000    -0.2439     1.0296     1.0296     0.0000
 11   0     0.9740     1.0000     0.0260     1.0220     1.0220    -0.0000
 12   0     6.0263     6.0000    -0.0263     3.8842     3.8842    -0.0000
 13   0     6.0260     6.0000    -0.0260     3.8842     3.8842    -0.0000
 14   0     0.9741     1.0000     0.0259     1.0220     1.0220    -0.0000
 15   0     6.0253     6.0000    -0.0253     3.8843     3.8843    -0.0000
 16   0     0.9742     1.0000     0.0258     1.0220     1.0220     0.0000
 17   0     6.0259     6.0000    -0.0259     3.8842     3.8842    -0.0000
 18   0     0.9742     1.0000     0.0258     1.0220     1.0220     0.0000
 19   0     6.0260     6.0000    -0.0260     3.8843     3.8843    -0.0000
 20   0     0.9741     1.0000     0.0259     1.0220     1.0220    -0.0000
 21   0     6.0259     6.0000    -0.0259     3.8843     3.8843     0.0000
 22   0     0.9740     1.0000     0.0260     1.0219     1.0219    -0.0000
      Bond orders larger than 0.1000000
           Atom A     A.N. of A          Atom B    A.N. of B              Bond order
                0             6               1            6                1.009962
                0             6               8            9                1.003896
                0             6               9            9                1.012534
                0             6              10            9                1.003761
                1             6               2            6                0.967321
                1             6               3            1                0.999181
                1             6               4            1                0.998853
                2             6               5            1                1.000330
                2             6               6            1                1.000517
                2             6               7            1                0.995201
               11             1              12            6                1.022281
               12             6              13            6                1.415269
               12             6              21            6                1.415712
               13             6              14            1                1.022383
               13             6              15            6                1.415654
               15             6              16            1                1.022353
               15             6              17            6                1.415426
               17             6              18            1                1.022364
               17             6              19            6                1.415418
               19             6              20            1                1.022265
               19             6              21            6                1.415639
               21             6              22            1                1.022124
# -----------------------------------------------------------
$ Calculation_Info
   description: Details of the calculation
   geom. index: 1
   prop. index: 1
     Multiplicity:                          1
     Charge:                                0
     number of atoms:                       23
     number of electrons:                   0
     number of frozen core electrons:       1
     number of correlated electrons:        0
     number of basis functions:             586
     number of aux C basis functions:       0
     number of aux J basis functions:       0
     number of aux JK basis functions:      2932
     number of aux CABS basis functions:    0
     Total Energy                           -648.642727
# -----------------------------------------------------------
$ SCF_Electric_Properties
   description: The SCF Calculated Electric Properties
   geom. index: 1
   prop. index: 1
       Filename                          : run_all_displaced_distances_job16.scfp 
       Do Dipole Moment Calculation      : true 
       Do Quadrupole Moment Calculation  : false 
       Do Polarizability Calculation     : false 
** Dipole moment part of electric properties **
        Magnitude of dipole moment (Debye) :        1.3550690979
        Electronic Contribution:
                  0    
      0      -2.070551
      1       6.584651
      2       0.420214
        Nuclear Contribution:
                  0    
      0       2.110946
      1      -6.107303
      2      -0.186293
        Total Dipole moment:
                  0    
      0       0.040395
      1       0.477347
      2       0.233921
# -----------------------------------------------------------
$ EPRNMR_OrbitalShielding
   description: Orbital contribution to the NMR Shielding tensor (ppm)
   geom. index: 1
   prop. index: 1
 Number of stored nuclei 23
 Source density: 1 SCF 
 Nucleus: 3 H  
 Shielding tensor (ppm): 
                  0          1          2    
      0      32.862372  -2.018798   0.789115
      1      -3.244658  28.897192   1.739700
      2       0.132923   1.584362  27.549397
 P Tensor eigenvectors:
                   0          1          2    
      0      -0.284869   0.350391  -0.892231
      1      -0.644234   0.619251   0.448877
      2       0.709798   0.702676   0.049328
 P Eigenvalues: 
                  0          1          2    
      0      25.867523  29.249895  34.191544
P(iso)  29.769654
 Nucleus: 4 H  
 Shielding tensor (ppm): 
                  0          1          2    
      0      26.242437   0.778818   0.411995
      1       1.118127  31.965258  -3.315981
      2       0.690564  -1.978694  31.191372
 P Tensor eigenvectors:
                   0          1          2    
      0       0.944300   0.325764  -0.046647
      1      -0.247039   0.608063  -0.754474
      2      -0.217416   0.723973   0.654670
 P Eigenvalues: 
                  0          1          2    
      0      25.872368  29.257277  34.269421
P(iso)  29.799689
 Nucleus: 5 H  
 Shielding tensor (ppm): 
                  0          1          2    
      0      26.855452   1.569650  -0.098259
      1       2.294964  29.479028  -1.454881
      2      -0.599340  -2.475661  35.043712
 P Tensor eigenvectors:
                   0          1          2    
      0       0.864504   0.489805  -0.112798
      1      -0.497303   0.800960  -0.333396
      2      -0.072952   0.344317   0.936015
 P Eigenvalues: 
                  0          1          2    
      0      25.787789  29.823839  35.766565
P(iso)  30.459398
 Nucleus: 6 H  
 Shielding tensor (ppm): 
                  0          1          2    
      0      35.685234  -0.414333   0.296311
      1       0.137011  27.396592   2.309043
      2       1.316052   1.614919  28.378412
 P Tensor eigenvectors:
                   0          1          2    
      0       0.060389   0.083894  -0.994643
      1       0.785271  -0.619136  -0.004544
      2      -0.616200  -0.780790  -0.103269
 P Eigenvalues: 
                  0          1          2    
      0      25.827726  29.859169  35.773342
P(iso)  30.486746
 Nucleus: 7 H  
 Shielding tensor (ppm): 
                  0          1          2    
      0      27.003136   1.072499   1.470592
      1       0.779892  35.016896   4.588131
      2       1.362553   4.904243  30.028698
 P Tensor eigenvectors:
                   0          1          2    
      0      -0.782183   0.608355   0.134514
      1      -0.230539  -0.483170   0.844629
      2       0.578827   0.629644   0.518177
 P Eigenvalues: 
                  0          1          2    
      0      26.227383  27.726383  38.094964
P(iso)  30.682910
 Nucleus: 11 H  
 Shielding tensor (ppm): 
                  0          1          2    
      0      26.913812   0.408578  -0.469662
      1       0.418588  21.465400  -0.678292
      2      -0.457860  -0.843480  22.748742
 P Tensor eigenvectors:
                   0          1          2    
      0      -0.031706   0.150146  -0.988155
      1       0.909562  -0.405528  -0.090803
      2       0.414358   0.901667   0.123709
 P Eigenvalues: 
                  0          1          2    
      0      21.106017  23.012092  27.009844
P(iso)  23.709318
 Nucleus: 14 H  
 Shielding tensor (ppm): 
                  0          1          2    
      0      24.529977  -0.207614   1.994537
      1      -0.311846  21.557635  -1.280492
      2       1.959685  -1.346930  25.040134
 P Tensor eigenvectors:
                   0          1          2    
      0      -0.146066  -0.770959   0.619909
      1       0.915423  -0.342902  -0.210758
      2       0.375054   0.536694   0.755840
 P Eigenvalues: 
                  0          1          2    
      0      21.061672  23.037502  27.028571
P(iso)  23.709249
 Nucleus: 16 H  
 Shielding tensor (ppm): 
                  0          1          2    
      0      23.552525   0.812876  -1.167336
      1       0.719784  21.561945  -1.582950
      2      -1.197666  -1.546803  26.016920
 P Tensor eigenvectors:
                   0          1          2    
      0       0.167648   0.915932  -0.364640
      1      -0.951662   0.053800  -0.302399
      2      -0.257359   0.397711   0.880677
 P Eigenvalues: 
                  0          1          2    
      0      21.003939  23.083611  27.043840
P(iso)  23.710463
 Nucleus: 18 H  
 Shielding tensor (ppm): 
                  0          1          2    
      0      26.945210   0.495814  -0.430916
      1       0.457491  21.107825  -0.531464
      2      -0.449724  -0.365322  23.077978
 P Tensor eigenvectors:
                   0          1          2    
      0      -0.064211   0.134537  -0.988826
      1       0.978796  -0.184646  -0.088682
      2       0.194514   0.973553   0.119828
 P Eigenvalues: 
                  0          1          2    
      0      20.986781  23.102987  27.041245
P(iso)  23.710338
 Nucleus: 20 H  
 Shielding tensor (ppm): 
                  0          1          2    
      0      24.569685  -0.666901   1.812468
      1      -0.548296  21.316365  -1.162617
      2       1.842263  -1.056392  25.244639
 P Tensor eigenvectors:
                   0          1          2    
      0       0.046333  -0.787147   0.615023
      1       0.971059  -0.108919  -0.212557
      2       0.234301   0.607072   0.759319
 P Eigenvalues: 
                  0          1          2    
      0      21.019131  23.075943  27.035615
P(iso)  23.710230
 Nucleus: 22 H  
 Shielding tensor (ppm): 
                  0          1          2    
      0      23.580231   0.272614  -1.373561
      1       0.377537  21.682631  -1.665821
      2      -1.334248  -1.711575  25.858414
 P Tensor eigenvectors:
                   0          1          2    
      0      -0.068643   0.924790  -0.374234
      1      -0.934410  -0.191020  -0.300647
      2      -0.349522   0.329050   0.877246
 P Eigenvalues: 
                  0          1          2    
      0      21.075397  23.031100  27.014779
P(iso)  23.707092
 Nucleus: 0 C  
 Shielding tensor (ppm): 
                  0          1          2    
      0      50.414711  -0.906293   4.519474
      1      -0.858349  45.142105  -2.075296
      2       4.408683  -1.811089  51.475503
 P Tensor eigenvectors:
                   0          1          2    
      0      -0.115774  -0.757684   0.642271
      1       0.934876  -0.301573  -0.187245
      2       0.335564   0.578766   0.743255
 P Eigenvalues: 
                  0          1          2    
      0      44.550877  46.650450  55.830992
P(iso)  49.010773
 Nucleus: 1 C  
 Shielding tensor (ppm): 
                  0          1          2    
      0     134.245492   0.166576   2.108453
      1      -2.010237 164.581360  10.035072
      2       0.651186  13.559891 139.528423
 P Tensor eigenvectors:
                   0          1          2    
      0      -0.770012   0.637871  -0.014185
      1      -0.241756  -0.271119   0.931691
      2       0.590453   0.720843   0.362974
 P Eigenvalues: 
                  0          1          2    
      0     132.894344 136.196908 169.264024
P(iso)  146.118425
 Nucleus: 2 C  
 Shielding tensor (ppm): 
                  0          1          2    
      0     173.840743   1.491658  11.483480
      1      -0.737635 170.215901   0.730017
      2      10.527394   3.184113 180.923464
 P Tensor eigenvectors:
                   0          1          2    
      0       0.785157   0.211395   0.582100
      1       0.189080  -0.976885   0.099727
      2      -0.589726  -0.031762   0.806979
 P Eigenvalues: 
                  0          1          2    
      0     165.658206 170.206636 189.115266
P(iso)  174.993369
 Nucleus: 12 C  
 Shielding tensor (ppm): 
                  0          1          2    
      0      30.880523  -2.427623 -15.811948
      1      -3.238994 156.815408  64.256860
      2     -16.356931  68.777206 -49.361623
 P Tensor eigenvectors:
                   0          1          2    
      0       0.988405  -0.142001  -0.053775
      1       0.088981   0.254701   0.962917
      2      -0.123038  -0.956537   0.264383
 P Eigenvalues: 
                  0          1          2    
      0      32.620157 -70.944097 176.658248
P(iso)  46.111436
 Nucleus: 13 C  
 Shielding tensor (ppm): 
                  0          1          2    
      0     -31.425620 -21.668424  46.055023
      1     -17.765184 159.814244  51.608365
      2      47.265338  54.509641   9.784831
 P Tensor eigenvectors:
                   0          1          2    
      0      -0.617307   0.786707   0.004950
      1       0.219823   0.178524  -0.959066
      2      -0.755387  -0.590950  -0.283140
 P Eigenvalues: 
                  0          1          2    
      0      32.576443 -71.057700 176.654713
P(iso)  46.057818
 Nucleus: 15 C  
 Shielding tensor (ppm): 
                  0          1          2    
      0     -56.909103   4.508152 -36.039123
      1       9.248811 160.550917  48.880140
      2     -34.461004  46.969117  34.602542
 P Tensor eigenvectors:
                   0          1          2    
      0      -0.368062   0.929798   0.002540
      1      -0.308456  -0.124679   0.943032
      2       0.877146   0.346311   0.332692
 P Eigenvalues: 
                  0          1          2    
      0      32.578190 -70.987935 176.654101
P(iso)  46.081452
 Nucleus: 17 C  
 Shielding tensor (ppm): 
                  0          1          2    
      0      30.672227  -1.052324 -16.318791
      1      -0.424835 148.131295  80.783679
      2     -15.761034  76.131426 -40.503102
 P Tensor eigenvectors:
                   0          1          2    
      0       0.988818  -0.143981  -0.038848
      1       0.088135   0.354073   0.931056
      2      -0.120299  -0.924068   0.362803
 P Eigenvalues: 
                  0          1          2    
      0      32.578166 -70.912470 176.634723
P(iso)  46.100140
 Nucleus: 19 C  
 Shielding tensor (ppm): 
                  0          1          2    
      0     -30.137187 -28.301134  43.365203
      1     -32.153166 153.357056  61.458536
      2      42.112946  58.691758  15.144751
 P Tensor eigenvectors:
                   0          1          2    
      0      -0.619838   0.779829  -0.087560
      1       0.219177   0.279181   0.934890
      2      -0.753500  -0.560290   0.343967
 P Eigenvalues: 
                  0          1          2    
      0      32.679550 -70.924045 176.609115
P(iso)  46.121540
 Nucleus: 21 C  
 Shielding tensor (ppm): 
                  0          1          2    
      0     -55.533001  -2.783259 -38.292206
      1      -7.605290 162.507104  42.454741
      2     -39.912951  44.332872  31.457842
 P Tensor eigenvectors:
                   0          1          2    
      0      -0.370859   0.923702  -0.096119
      1      -0.308180  -0.024772   0.951006
      2       0.876064   0.382311   0.293853
 P Eigenvalues: 
                  0          1          2    
      0      32.729678 -70.886161 176.588428
P(iso)  46.143982
 Nucleus: 8 F  
 Shielding tensor (ppm): 
                  0          1          2    
      0     304.844493  26.119778 -35.359802
      1      13.558601 206.554755 -62.394600
      2     -18.646360 -56.888992 273.268338
 P Tensor eigenvectors:
                   0          1          2    
      0      -0.030950  -0.735595   0.676714
      1       0.868146   0.315743   0.382921
      2       0.495342  -0.599338  -0.628832
 P Eigenvalues: 
                  0          1          2    
      0     171.484377 273.250759 339.932450
P(iso)  261.555862
 Nucleus: 9 F  
 Shielding tensor (ppm): 
                  0          1          2    
      0     317.232285  -8.242959 -24.694922
      1      -4.655108 195.584566 -42.416773
      2     -43.675814 -36.631853 284.457729
 P Tensor eigenvectors:
                   0          1          2    
      0      -0.132398   0.561119  -0.817078
      1      -0.915546  -0.385091  -0.116104
      2      -0.379798   0.732701   0.564716
 P Eigenvalues: 
                  0          1          2    
      0     178.048171 278.579195 340.647214
P(iso)  265.758193
 Nucleus: 10 F  
 Shielding tensor (ppm): 
                  0          1          2    
      0     284.593360  17.836629  41.726212
      1      18.925928 158.233955 -15.738097
      2      41.745773 -18.447111 303.780928
 P Tensor eigenvectors:
                   0          1          2    
      0      -0.183688  -0.762502   0.620362
      1       0.969430  -0.244965  -0.014046
      2       0.162677   0.598818   0.784190
 P Eigenvalues: 
                  0          1          2    
      0     151.917364 257.659193 337.031686
P(iso)  248.869414
# -------------------------------------------------------------
----------------------- !GEOMETRIES! ------------------------
# -------------------------------------------------------------
------------------------ !GEOMETRY! -------------------------
    Number of atoms:    23 
    Geometry Index:     1 
    Coordinates:
               0 C     -2.598351000000    0.884059000000    1.085800000000
               1 C     -2.665769000000    2.270910000000    1.587320000000
               2 C     -1.778420000000    2.397030000000    2.814410000000
               3 H     -3.704272000000    2.510719000000    1.828566000000
               4 H     -2.339358000000    2.951068000000    0.796194000000
               5 H     -2.110330000000    1.742989000000    3.620683000000
               6 H     -0.739180000000    2.160654000000    2.583635000000
               7 H     -1.798360000000    3.419775000000    3.198868000000
               8 F     -3.058540000000    0.184425000000    2.138736000000
               9 F     -1.306018000000    0.743549000000    0.769943000000
              10 F     -3.437739000000    0.912349000000    0.020896000000
              11 H     -2.053655000000   -5.819641000000    0.994700000000
              12 C     -2.208133000000   -5.521269000000   -0.035751000000
              13 C     -3.503624000000   -5.416539000000   -0.545419000000
              14 H     -4.355065000000   -5.636157000000    0.087668000000
              15 C     -3.704012000000   -4.993649000000   -1.860509000000
              16 H     -4.710569000000   -4.885852000000   -2.246317000000
              17 C     -2.609144000000   -4.671719000000   -2.664131000000
              18 H     -2.765363000000   -4.311164000000   -3.674084000000
              19 C     -1.313784000000   -4.778719000000   -2.155110000000
              20 H     -0.466075000000   -4.499334000000   -2.769805000000
              21 C     -1.113163000000   -5.205499000000   -0.841610000000
              22 H     -0.109265000000   -5.258555000000   -0.436116000000
