-------------------------------------------------------------
----------------------- !PROPERTIES! ------------------------
-------------------------------------------------------------
# -----------------------------------------------------------
$ PAL_Flags
   description: The PAL Flags
   geom. index: 1
   prop. index: 1
        Diskflag:     2
# -----------------------------------------------------------
$ SCF_Energy
   description: The SCF energy
   geom. index: 1
   prop. index: 1
        SCF Energy:     -648.6431879861
# -----------------------------------------------------------
$ DFT_Energy
   description: The DFT energy
   geom. index: 1
   prop. index: 1
   Number of Alpha Electrons                 46.0000180401 
   Number of Beta  Electrons                 46.0000180401 
   Total number of  Electrons                92.0000360803 
   Exchange energy                          -60.4323148512 
   Correlation energy                        -3.0769822972 
   Correlation energy NL                      0.0000000000 
   Exchange-Correlation energy              -63.5092971484 
   Embedding correction                       0.0000000000 
   Total DFT Energy (No VdW correction)    -648.6431879861 
# -----------------------------------------------------------
$ Mayer_Pop
   description: The Mayer population analysis
   geom. index: 1
   prop. index: 1
     Number of atoms                     : 23
     Threshold for printing              : 0.1000000
     Number of bond orders printed       : 22
  NA   - Mulliken gross atomic population
  ZA   - Total nuclear charge
  QA   - Mulliken gross atomic charge
  VA   - Mayer's total valence
  BVA  - Mayer's bonded valence
  FA   - Mayer's free valence
  ATOM       NA         ZA         QA         VA         BVA        FA
  0   0     5.2558     6.0000     0.7442     3.9481     3.9481     0.0000
  1   0     6.0980     6.0000    -0.0980     4.0098     4.0098    -0.0000
  2   0     6.1100     6.0000    -0.1100     3.9579     3.9579    -0.0000
  3   0     0.9626     1.0000     0.0374     1.0284     1.0284     0.0000
  4   0     0.9633     1.0000     0.0367     1.0279     1.0279     0.0000
  5   0     0.9548     1.0000     0.0452     1.0196     1.0196     0.0000
  6   0     0.9562     1.0000     0.0438     1.0205     1.0205    -0.0000
  7   0     0.9650     1.0000     0.0350     1.0158     1.0158     0.0000
  8   0     9.2437     9.0000    -0.2437     1.0290     1.0290    -0.0000
  9   0     9.2396     9.0000    -0.2396     1.0384     1.0384    -0.0000
 10   0     9.2478     9.0000    -0.2478     1.0226     1.0226    -0.0000
 11   0     0.9753     1.0000     0.0247     1.0225     1.0225    -0.0000
 12   0     6.0268     6.0000    -0.0268     3.8857     3.8857     0.0000
 13   0     6.0261     6.0000    -0.0261     3.8869     3.8869     0.0000
 14   0     0.9754     1.0000     0.0246     1.0226     1.0226     0.0000
 15   0     6.0227     6.0000    -0.0227     3.8870     3.8870    -0.0000
 16   0     0.9756     1.0000     0.0244     1.0225     1.0225    -0.0000
 17   0     6.0243     6.0000    -0.0243     3.8876     3.8876    -0.0000
 18   0     0.9755     1.0000     0.0245     1.0225     1.0225     0.0000
 19   0     6.0253     6.0000    -0.0253     3.8865     3.8865    -0.0000
 20   0     0.9755     1.0000     0.0245     1.0224     1.0224     0.0000
 21   0     6.0254     6.0000    -0.0254     3.8854     3.8854     0.0000
 22   0     0.9754     1.0000     0.0246     1.0224     1.0224    -0.0000
      Bond orders larger than 0.1000000
           Atom A     A.N. of A          Atom B    A.N. of B              Bond order
                0             6               1            6                0.991907
                0             6               8            9                0.986004
                0             6               9            9                0.995042
                0             6              10            9                0.988523
                1             6               2            6                0.973923
                1             6               3            1                1.006965
                1             6               4            1                1.006959
                2             6               5            1                1.000480
                2             6               6            1                1.000681
                2             6               7            1                0.996053
               11             1              12            6                1.021984
               12             6              13            6                1.415915
               12             6              21            6                1.416106
               13             6              14            1                1.021912
               13             6              15            6                1.416623
               15             6              16            1                1.021304
               15             6              17            6                1.417009
               17             6              18            1                1.021452
               17             6              19            6                1.416447
               19             6              20            1                1.021650
               19             6              21            6                1.416348
               21             6              22            1                1.021627
# -----------------------------------------------------------
$ Calculation_Info
   description: Details of the calculation
   geom. index: 1
   prop. index: 1
     Multiplicity:                          1
     Charge:                                0
     number of atoms:                       23
     number of electrons:                   0
     number of frozen core electrons:       1
     number of correlated electrons:        0
     number of basis functions:             586
     number of aux C basis functions:       0
     number of aux J basis functions:       0
     number of aux JK basis functions:      2932
     number of aux CABS basis functions:    0
     Total Energy                           -648.643188
# -----------------------------------------------------------
$ SCF_Electric_Properties
   description: The SCF Calculated Electric Properties
   geom. index: 1
   prop. index: 1
       Filename                          : run_all_displaced_distances_job8.scfp 
       Do Dipole Moment Calculation      : true 
       Do Quadrupole Moment Calculation  : false 
       Do Polarizability Calculation     : false 
** Dipole moment part of electric properties **
        Magnitude of dipole moment (Debye) :        1.3171280953
        Electronic Contribution:
                  0    
      0      -2.127305
      1       2.425450
      2      -1.511804
        Nuclear Contribution:
                  0    
      0       2.163617
      1      -1.959247
      2       1.735085
        Total Dipole moment:
                  0    
      0       0.036312
      1       0.466203
      2       0.223280
# -----------------------------------------------------------
$ EPRNMR_OrbitalShielding
   description: Orbital contribution to the NMR Shielding tensor (ppm)
   geom. index: 1
   prop. index: 1
 Number of stored nuclei 23
 Source density: 1 SCF 
 Nucleus: 3 H  
 Shielding tensor (ppm): 
                  0          1          2    
      0      32.814512  -2.091930   0.759418
      1      -3.417706  29.394568   1.968528
      2       0.070588   1.777482  27.554908
 P Tensor eigenvectors:
                   0          1          2    
      0      -0.282490   0.416193  -0.864281
      1      -0.615149   0.612741   0.496125
      2       0.736065   0.671812   0.082928
 P Eigenvalues: 
                  0          1          2    
      0      25.844604  29.525709  34.393674
P(iso)  29.921329
 Nucleus: 4 H  
 Shielding tensor (ppm): 
                  0          1          2    
      0      26.173708   0.755934   0.405336
      1       1.126032  32.548822  -3.217715
      2       0.693918  -1.803595  31.146727
 P Tensor eigenvectors:
                   0          1          2    
      0       0.956520   0.286835  -0.052863
      1      -0.214253   0.568027  -0.794633
      2      -0.197901   0.771408   0.604785
 P Eigenvalues: 
                  0          1          2    
      0      25.854443  29.539584  34.475230
P(iso)  29.956419
 Nucleus: 5 H  
 Shielding tensor (ppm): 
                  0          1          2    
      0      26.783429   1.558235  -0.091797
      1       2.342017  29.773250  -1.027506
      2      -0.587450  -2.266452  35.154598
 P Tensor eigenvectors:
                   0          1          2    
      0       0.885606   0.452156  -0.106096
      1      -0.461769   0.832789  -0.305338
      2      -0.049705   0.319401   0.946315
 P Eigenvalues: 
                  0          1          2    
      0      25.800937  30.205359  35.704981
P(iso)  30.570426
 Nucleus: 6 H  
 Shielding tensor (ppm): 
                  0          1          2    
      0      35.595887  -0.364784   0.312638
      1       0.359890  27.782283   2.614081
      2       1.410126   1.803988  28.434448
 P Tensor eigenvectors:
                   0          1          2    
      0       0.057272   0.109663  -0.992317
      1       0.754597  -0.655552  -0.028894
      2      -0.653684  -0.747145  -0.120297
 P Eigenvalues: 
                  0          1          2    
      0      25.842583  30.263439  35.706595
P(iso)  30.604206
 Nucleus: 7 H  
 Shielding tensor (ppm): 
                  0          1          2    
      0      26.962214   1.074861   1.471395
      1       0.817958  35.263154   4.772953
      2       1.378850   5.025395  30.064577
 P Tensor eigenvectors:
                   0          1          2    
      0      -0.781672   0.609513   0.132222
      1      -0.231548  -0.480451   0.845903
      2       0.579115   0.630603   0.516687
 P Eigenvalues: 
                  0          1          2    
      0      26.186175  27.684616  38.419154
P(iso)  30.763315
 Nucleus: 11 H  
 Shielding tensor (ppm): 
                  0          1          2    
      0      26.619223   0.305737  -0.459824
      1       0.323169  22.012748  -0.805214
      2      -0.444400  -0.989021  22.487980
 P Tensor eigenvectors:
                   0          1          2    
      0      -0.005437   0.154113  -0.988038
      1      -0.790263  -0.606094  -0.090189
      2      -0.612743   0.780320   0.125085
 P Eigenvalues: 
                  0          1          2    
      0      21.322182  23.092619  26.705151
P(iso)  23.706651
 Nucleus: 14 H  
 Shielding tensor (ppm): 
                  0          1          2    
      0      24.358058   0.099152   2.001704
      1      -0.026520  21.996450  -1.243517
      2       1.957645  -1.325904  24.759565
 P Tensor eigenvectors:
                   0          1          2    
      0       0.312902  -0.715427   0.624706
      1      -0.821808  -0.533676  -0.199552
      2      -0.476155   0.450948   0.754932
 P Eigenvalues: 
                  0          1          2    
      0      21.240118  23.135818  26.738137
P(iso)  23.704691
 Nucleus: 16 H  
 Shielding tensor (ppm): 
                  0          1          2    
      0      23.427473   1.083463  -0.988266
      1       0.960478  21.755515  -1.301945
      2      -1.026939  -1.250619  25.920340
 P Tensor eigenvectors:
                   0          1          2    
      0       0.337282   0.870307  -0.358896
      1      -0.924883   0.235230  -0.298760
      2      -0.175590   0.432703   0.884272
 P Eigenvalues: 
                  0          1          2    
      0      21.141335  23.201436  26.760558
P(iso)  23.701109
 Nucleus: 18 H  
 Shielding tensor (ppm): 
                  0          1          2    
      0      26.677172   0.500252  -0.407460
      1       0.462188  21.148351  -0.173246
      2      -0.429475   0.019427  23.279358
 P Tensor eigenvectors:
                   0          1          2    
      0       0.085047   0.121397  -0.988954
      1      -0.996236  -0.006347  -0.086452
      2      -0.016772   0.992584   0.120400
 P Eigenvalues: 
                  0          1          2    
      0      21.106019  23.228727  26.770135
P(iso)  23.701627
 Nucleus: 20 H  
 Shielding tensor (ppm): 
                  0          1          2    
      0      24.447172  -0.889210   1.603270
      1      -0.760891  21.393042  -0.845297
      2       1.638278  -0.723814  25.266216
 P Tensor eigenvectors:
                   0          1          2    
      0       0.190495  -0.770004   0.608938
      1       0.975511   0.079002  -0.205272
      2       0.109953   0.633129   0.766197
 P Eigenvalues: 
                  0          1          2    
      0      21.143651  23.198027  26.764752
P(iso)  23.702143
 Nucleus: 22 H  
 Shielding tensor (ppm): 
                  0          1          2    
      0      23.520618  -0.090779  -1.424991
      1       0.024218  22.010579  -1.574462
      2      -1.382783  -1.624142  25.577086
 P Tensor eigenvectors:
                   0          1          2    
      0       0.267131   0.885192  -0.380888
      1       0.872391  -0.390041  -0.294623
      2       0.409360   0.253580   0.876425
 P Eigenvalues: 
                  0          1          2    
      0      21.251152  23.132221  26.724910
P(iso)  23.702761
 Nucleus: 0 C  
 Shielding tensor (ppm): 
                  0          1          2    
      0      50.476758  -0.982392   4.466268
      1      -0.961033  46.647006  -1.519674
      2       4.349739  -1.330739  51.703544
 P Tensor eigenvectors:
                   0          1          2    
      0      -0.224215  -0.733178   0.642010
      1       0.884227  -0.430020  -0.182278
      2       0.409719   0.526814   0.744713
 P Eigenvalues: 
                  0          1          2    
      0      46.231128  46.736885  55.859294
P(iso)  49.609103
 Nucleus: 1 C  
 Shielding tensor (ppm): 
                  0          1          2    
      0     134.121836   0.138940   2.079416
      1      -2.044590 165.189658  10.336149
      2       0.622548  13.824905 139.496434
 P Tensor eigenvectors:
                   0          1          2    
      0      -0.769144   0.638897  -0.015070
      1      -0.242555  -0.270023   0.931802
      2       0.591256   0.720345   0.362655
 P Eigenvalues: 
                  0          1          2    
      0     132.779264 136.048643 169.980021
P(iso)  146.269309
 Nucleus: 2 C  
 Shielding tensor (ppm): 
                  0          1          2    
      0     173.702120   1.490977  11.491141
      1      -0.637247 170.559376   1.086012
      2      10.575877   3.393617 180.934648
 P Tensor eigenvectors:
                   0          1          2    
      0       0.784070   0.225894   0.578105
      1       0.195899  -0.973876   0.114848
      2      -0.588946  -0.023202   0.807839
 P Eigenvalues: 
                  0          1          2    
      0     165.514469 170.523079 189.158596
P(iso)  175.065381
 Nucleus: 12 C  
 Shielding tensor (ppm): 
                  0          1          2    
      0      30.495782  -2.531521 -15.825967
      1      -3.378428 157.453080  64.450584
      2     -16.373173  68.817784 -49.517123
 P Tensor eigenvectors:
                   0          1          2    
      0       0.988357  -0.142161  -0.054220
      1       0.089490   0.254951   0.962804
      2      -0.123050  -0.956447   0.264705
 P Eigenvalues: 
                  0          1          2    
      0      32.226748 -71.108013 177.313003
P(iso)  46.143913
 Nucleus: 13 C  
 Shielding tensor (ppm): 
                  0          1          2    
      0     -31.765210 -21.447486  45.960856
      1     -17.628053 160.379983  51.907381
      2      47.174432  54.702306   9.502619
 P Tensor eigenvectors:
                   0          1          2    
      0      -0.616902   0.787027   0.004641
      1       0.220501   0.178492  -0.958916
      2      -0.755521  -0.590533  -0.283652
 P Eigenvalues: 
                  0          1          2    
      0      32.096772 -71.264828 177.285449
P(iso)  46.039131
 Nucleus: 15 C  
 Shielding tensor (ppm): 
                  0          1          2    
      0     -57.256304   4.638668 -35.851337
      1       9.306454 160.984591  49.271465
      2     -34.305128  47.409401  34.237130
 P Tensor eigenvectors:
                   0          1          2    
      0      -0.367740   0.929925   0.002729
      1      -0.308552  -0.124785   0.942987
      2       0.877247   0.345932   0.332819
 P Eigenvalues: 
                  0          1          2    
      0      31.976613 -71.269407 177.258210
P(iso)  45.988472
 Nucleus: 17 C  
 Shielding tensor (ppm): 
                  0          1          2    
      0      30.159804  -1.103698 -16.278524
      1      -0.523370 148.462763  81.174382
      2     -15.746420  76.602092 -40.507584
 P Tensor eigenvectors:
                   0          1          2    
      0       0.988811  -0.143929  -0.039207
      1       0.088501   0.354436   0.930883
      2      -0.120084  -0.923937   0.363208
 P Eigenvalues: 
                  0          1          2    
      0      32.050858 -71.148108 177.212233
P(iso)  46.038328
 Nucleus: 19 C  
 Shielding tensor (ppm): 
                  0          1          2    
      0     -30.372120 -28.474004  43.187841
      1     -32.226240 153.701876  61.855577
      2      41.940823  59.133579  14.997243
 P Tensor eigenvectors:
                   0          1          2    
      0      -0.620261   0.779508  -0.087427
      1       0.219537   0.279520   0.934704
      2      -0.753047  -0.560567   0.344506
 P Eigenvalues: 
                  0          1          2    
      0      32.253467 -71.115498 177.189030
P(iso)  46.109000
 Nucleus: 21 C  
 Shielding tensor (ppm): 
                  0          1          2    
      0     -55.658215  -3.060860 -38.331613
      1      -7.757280 163.028153  42.707571
      2     -39.900735  44.550407  31.184703
 P Tensor eigenvectors:
                   0          1          2    
      0      -0.371197   0.923574  -0.096037
      1      -0.308251  -0.025004   0.950976
      2       0.875896   0.382603   0.293974
 P Eigenvalues: 
                  0          1          2    
      0      32.385010 -71.038290 177.207921
P(iso)  46.184881
 Nucleus: 8 F  
 Shielding tensor (ppm): 
                  0          1          2    
      0     304.178898  26.100324 -35.344929
      1      13.153645 208.022573 -61.043455
      2     -18.991255 -56.307704 273.227211
 P Tensor eigenvectors:
                   0          1          2    
      0       0.029394  -0.736478  -0.675823
      1      -0.866930   0.317772  -0.383997
      2      -0.497562  -0.597178   0.629134
 P Eigenvalues: 
                  0          1          2    
      0     173.423021 272.616209 339.389453
P(iso)  261.809561
 Nucleus: 9 F  
 Shielding tensor (ppm): 
                  0          1          2    
      0     316.856923  -8.393151 -24.943981
      1      -4.193170 197.260307 -41.716420
      2     -43.534654 -35.744865 283.977422
 P Tensor eigenvectors:
                   0          1          2    
      0      -0.134945   0.558866  -0.818204
      1      -0.914346  -0.388410  -0.114498
      2      -0.381787   0.732671   0.563411
 P Eigenvalues: 
                  0          1          2    
      0     179.956559 277.900555 340.237538
P(iso)  266.031551
 Nucleus: 10 F  
 Shielding tensor (ppm): 
                  0          1          2    
      0     284.241351  17.695849  42.014796
      1      18.314958 160.073247 -15.328240
      2      41.916176 -17.693580 303.731635
 P Tensor eigenvectors:
                   0          1          2    
      0      -0.184690  -0.762785   0.619717
      1       0.969488  -0.244825  -0.012416
      2       0.161192   0.598515   0.784727
 P Eigenvalues: 
                  0          1          2    
      0     153.934309 257.026640 337.085283
P(iso)  249.348744
# -------------------------------------------------------------
----------------------- !GEOMETRIES! ------------------------
# -------------------------------------------------------------
------------------------ !GEOMETRY! -------------------------
    Number of atoms:    23 
    Geometry Index:     1 
    Coordinates:
               0 C     -2.598351000000    0.884059000000    1.085800000000
               1 C     -2.665769000000    2.270910000000    1.587320000000
               2 C     -1.778420000000    2.397030000000    2.814410000000
               3 H     -3.704272000000    2.510719000000    1.828566000000
               4 H     -2.339358000000    2.951068000000    0.796194000000
               5 H     -2.110330000000    1.742989000000    3.620683000000
               6 H     -0.739180000000    2.160654000000    2.583635000000
               7 H     -1.798360000000    3.419775000000    3.198868000000
               8 F     -3.058540000000    0.184425000000    2.138736000000
               9 F     -1.306018000000    0.743549000000    0.769943000000
              10 F     -3.437739000000    0.912349000000    0.020896000000
              11 H     -2.030613000000   -4.004991000000    1.835245000000
              12 C     -2.185092000000   -3.706619000000    0.804794000000
              13 C     -3.480582000000   -3.601890000000    0.295126000000
              14 H     -4.332023000000   -3.821507000000    0.928213000000
              15 C     -3.680971000000   -3.178999000000   -1.019964000000
              16 H     -4.687527000000   -3.071203000000   -1.405772000000
              17 C     -2.586102000000   -2.857069000000   -1.823586000000
              18 H     -2.742321000000   -2.496514000000   -2.833539000000
              19 C     -1.290742000000   -2.964070000000   -1.314565000000
              20 H     -0.443033000000   -2.684684000000   -1.929260000000
              21 C     -1.090121000000   -3.390849000000   -0.001065000000
              22 H     -0.086224000000   -3.443905000000    0.404429000000
