-------------------------------------------------------------
----------------------- !PROPERTIES! ------------------------
-------------------------------------------------------------
# -----------------------------------------------------------
$ PAL_Flags
   description: The PAL Flags
   geom. index: 1
   prop. index: 1
        Diskflag:     2
# -----------------------------------------------------------
$ SCF_Energy
   description: The SCF energy
   geom. index: 1
   prop. index: 1
        SCF Energy:     -648.6427344974
# -----------------------------------------------------------
$ DFT_Energy
   description: The DFT energy
   geom. index: 1
   prop. index: 1
   Number of Alpha Electrons                 46.0000087091 
   Number of Beta  Electrons                 46.0000087091 
   Total number of  Electrons                92.0000174182 
   Exchange energy                          -60.4322873718 
   Correlation energy                        -3.0767870668 
   Correlation energy NL                      0.0000000000 
   Exchange-Correlation energy              -63.5090744386 
   Embedding correction                       0.0000000000 
   Total DFT Energy (No VdW correction)    -648.6427344974 
# -----------------------------------------------------------
$ Mayer_Pop
   description: The Mayer population analysis
   geom. index: 1
   prop. index: 1
     Number of atoms                     : 23
     Threshold for printing              : 0.1000000
     Number of bond orders printed       : 22
  NA   - Mulliken gross atomic population
  ZA   - Total nuclear charge
  QA   - Mulliken gross atomic charge
  VA   - Mayer's total valence
  BVA  - Mayer's bonded valence
  FA   - Mayer's free valence
  ATOM       NA         ZA         QA         VA         BVA        FA
  0   0     5.2967     6.0000     0.7033     4.0466     4.0466    -0.0000
  1   0     6.0783     6.0000    -0.0783     3.9887     3.9887    -0.0000
  2   0     6.1082     6.0000    -0.1082     3.9569     3.9569    -0.0000
  3   0     0.9611     1.0000     0.0389     1.0274     1.0274     0.0000
  4   0     0.9617     1.0000     0.0383     1.0270     1.0270    -0.0000
  5   0     0.9543     1.0000     0.0457     1.0197     1.0197    -0.0000
  6   0     0.9557     1.0000     0.0443     1.0205     1.0205     0.0000
  7   0     0.9654     1.0000     0.0346     1.0141     1.0141    -0.0000
  8   0     9.2393     9.0000    -0.2393     1.0358     1.0358     0.0000
  9   0     9.2354     9.0000    -0.2354     1.0448     1.0448    -0.0000
 10   0     9.2439     9.0000    -0.2439     1.0295     1.0295    -0.0000
 11   0     0.9741     1.0000     0.0259     1.0220     1.0220    -0.0000
 12   0     6.0263     6.0000    -0.0263     3.8842     3.8842    -0.0000
 13   0     6.0260     6.0000    -0.0260     3.8843     3.8843    -0.0000
 14   0     0.9742     1.0000     0.0258     1.0220     1.0220    -0.0000
 15   0     6.0252     6.0000    -0.0252     3.8844     3.8844    -0.0000
 16   0     0.9742     1.0000     0.0258     1.0220     1.0220    -0.0000
 17   0     6.0258     6.0000    -0.0258     3.8842     3.8842    -0.0000
 18   0     0.9742     1.0000     0.0258     1.0220     1.0220    -0.0000
 19   0     6.0259     6.0000    -0.0259     3.8843     3.8843    -0.0000
 20   0     0.9741     1.0000     0.0259     1.0220     1.0220     0.0000
 21   0     6.0259     6.0000    -0.0259     3.8843     3.8843    -0.0000
 22   0     0.9740     1.0000     0.0260     1.0219     1.0219    -0.0000
      Bond orders larger than 0.1000000
           Atom A     A.N. of A          Atom B    A.N. of B              Bond order
                0             6               1            6                1.009854
                0             6               8            9                1.003481
                0             6               9            9                1.012143
                0             6              10            9                1.003433
                1             6               2            6                0.967405
                1             6               3            1                0.999294
                1             6               4            1                0.998971
                2             6               5            1                1.000336
                2             6               6            1                1.000520
                2             6               7            1                0.995225
               11             1              12            6                1.022281
               12             6              13            6                1.415258
               12             6              21            6                1.415724
               13             6              14            1                1.022385
               13             6              15            6                1.415695
               15             6              16            1                1.022330
               15             6              17            6                1.415472
               17             6              18            1                1.022342
               17             6              19            6                1.415411
               19             6              20            1                1.022268
               19             6              21            6                1.415639
               21             6              22            1                1.022118
# -----------------------------------------------------------
$ Calculation_Info
   description: Details of the calculation
   geom. index: 1
   prop. index: 1
     Multiplicity:                          1
     Charge:                                0
     number of atoms:                       23
     number of electrons:                   0
     number of frozen core electrons:       1
     number of correlated electrons:        0
     number of basis functions:             586
     number of aux C basis functions:       0
     number of aux J basis functions:       0
     number of aux JK basis functions:      2932
     number of aux CABS basis functions:    0
     Total Energy                           -648.642734
# -----------------------------------------------------------
$ SCF_Electric_Properties
   description: The SCF Calculated Electric Properties
   geom. index: 1
   prop. index: 1
       Filename                          : run_all_displaced_distances_job15.scfp 
       Do Dipole Moment Calculation      : true 
       Do Quadrupole Moment Calculation  : false 
       Do Polarizability Calculation     : false 
** Dipole moment part of electric properties **
        Magnitude of dipole moment (Debye) :        1.3523090933
        Electronic Contribution:
                  0    
      0      -2.077519
      1       6.065376
      2       0.179197
        Nuclear Contribution:
                  0    
      0       2.117530
      1      -5.588796
      2       0.053880
        Total Dipole moment:
                  0    
      0       0.040011
      1       0.476580
      2       0.233076
# -----------------------------------------------------------
$ EPRNMR_OrbitalShielding
   description: Orbital contribution to the NMR Shielding tensor (ppm)
   geom. index: 1
   prop. index: 1
 Number of stored nuclei 23
 Source density: 1 SCF 
 Nucleus: 3 H  
 Shielding tensor (ppm): 
                  0          1          2    
      0      32.857224  -2.023892   0.787078
      1      -3.257155  28.937433   1.758591
      2       0.128464   1.600497  27.550566
 P Tensor eigenvectors:
                   0          1          2    
      0      -0.284687   0.355752  -0.890165
      1      -0.641656   0.619174   0.452661
      2       0.712202   0.700046   0.051999
 P Eigenvalues: 
                  0          1          2    
      0      25.866268  29.274603  34.204351
P(iso)  29.781741
 Nucleus: 4 H  
 Shielding tensor (ppm): 
                  0          1          2    
      0      26.236368   0.777335   0.411528
      1       1.119310  32.011429  -3.306197
      2       0.690531  -1.963345  31.187362
 P Tensor eigenvectors:
                   0          1          2    
      0       0.945485   0.322222  -0.047234
      1      -0.244093   0.605153  -0.757766
      2      -0.215585   0.727986   0.650815
 P Eigenvalues: 
                  0          1          2    
      0      25.870908  29.281986  34.282265
P(iso)  29.811719
 Nucleus: 5 H  
 Shielding tensor (ppm): 
                  0          1          2    
      0      26.849099   1.569152  -0.098608
      1       2.298430  29.504294  -1.421331
      2      -0.598018  -2.458556  35.051571
 P Tensor eigenvectors:
                   0          1          2    
      0       0.866540   0.486295  -0.112362
      1      -0.494048   0.803766  -0.331477
      2      -0.070883   0.342751   0.936748
 P Eigenvalues: 
                  0          1          2    
      0      25.789557  29.854794  35.760614
P(iso)  30.468321
 Nucleus: 6 H  
 Shielding tensor (ppm): 
                  0          1          2    
      0      35.677844  -0.410883   0.297566
      1       0.153398  27.428191   2.333695
      2       1.322393   1.630788  28.381954
 P Tensor eigenvectors:
                   0          1          2    
      0       0.060174   0.085529  -0.994517
      1       0.782517  -0.622598  -0.006197
      2      -0.619714  -0.777854  -0.104392
 P Eigenvalues: 
                  0          1          2    
      0      25.829292  29.891516  35.767180
P(iso)  30.495996
 Nucleus: 7 H  
 Shielding tensor (ppm): 
                  0          1          2    
      0      26.999938   1.072620   1.470659
      1       0.782920  35.037792   4.603298
      2       1.364022   4.914335  30.031643
 P Tensor eigenvectors:
                   0          1          2    
      0      -0.782115   0.608488   0.134311
      1      -0.230637  -0.482908   0.844752
      2       0.578881   0.629716   0.518029
 P Eigenvalues: 
                  0          1          2    
      0      26.224026  27.723241  38.122106
P(iso)  30.689791
 Nucleus: 11 H  
 Shielding tensor (ppm): 
                  0          1          2    
      0      26.892579   0.402699  -0.469780
      1       0.412661  21.508863  -0.682277
      2      -0.457991  -0.848592  22.725703
 P Tensor eigenvectors:
                   0          1          2    
      0      -0.029500   0.150760  -0.988130
      1       0.903303  -0.419256  -0.090934
      2       0.427989   0.895263   0.123814
 P Eigenvalues: 
                  0          1          2    
      0      21.134589  23.004364  26.988190
P(iso)  23.709048
 Nucleus: 14 H  
 Shielding tensor (ppm): 
                  0          1          2    
      0      24.514885  -0.187271   1.997507
      1      -0.292822  21.592081  -1.274970
      2       1.962027  -1.341766  25.019242
 P Tensor eigenvectors:
                   0          1          2    
      0      -0.157826  -0.768344   0.620273
      1       0.910429  -0.356458  -0.209897
      2       0.382374   0.531588   0.755781
 P Eigenvalues: 
                  0          1          2    
      0      21.085053  23.033143  27.008012
P(iso)  23.708736
 Nucleus: 16 H  
 Shielding tensor (ppm): 
                  0          1          2    
      0      23.540091   0.831459  -1.156292
      1       0.736864  21.577933  -1.560994
      2      -1.187376  -1.523822  26.010949
 P Tensor eigenvectors:
                   0          1          2    
      0       0.179984   0.913739  -0.364262
      1      -0.950965   0.066937  -0.301969
      2      -0.251538   0.400750   0.880982
 P Eigenvalues: 
                  0          1          2    
      0      21.021752  23.083087  27.024134
P(iso)  23.709658
 Nucleus: 18 H  
 Shielding tensor (ppm): 
                  0          1          2    
      0      26.926126   0.497336  -0.429460
      1       0.458200  21.113973  -0.503587
      2      -0.448581  -0.335872  23.088803
 P Tensor eigenvectors:
                   0          1          2    
      0      -0.065966   0.133623  -0.988834
      1       0.981131  -0.171813  -0.088670
      2       0.181743   0.976025   0.119768
 P Eigenvalues: 
                  0          1          2    
      0      21.003490  23.103343  27.022068
P(iso)  23.709634
 Nucleus: 20 H  
 Shielding tensor (ppm): 
                  0          1          2    
      0      24.557251  -0.682857   1.800104
      1      -0.563768  21.326524  -1.137805
      2       1.830141  -1.030329  25.245498
 P Tensor eigenvectors:
                   0          1          2    
      0       0.056703  -0.786825   0.614565
      1       0.972592  -0.095499  -0.212003
      2       0.225500   0.609742   0.759845
 P Eigenvalues: 
                  0          1          2    
      0      21.038347  23.074595  27.016331
P(iso)  23.709758
 Nucleus: 22 H  
 Shielding tensor (ppm): 
                  0          1          2    
      0      23.570280   0.247702  -1.379720
      1       0.353362  21.711036  -1.655608
      2      -1.339902  -1.701463  25.839163
 P Tensor eigenvectors:
                   0          1          2    
      0      -0.082466   0.923469  -0.374706
      1      -0.931653  -0.204940  -0.300038
      2      -0.353868   0.324353   0.877253
 P Eigenvalues: 
                  0          1          2    
      0      21.100664  23.025680  26.994135
P(iso)  23.706827
 Nucleus: 0 C  
 Shielding tensor (ppm): 
                  0          1          2    
      0      50.417217  -0.910867   4.516284
      1      -0.862800  45.245233  -2.032583
      2       4.406048  -1.775121  51.490539
 P Tensor eigenvectors:
                   0          1          2    
      0      -0.118002  -0.757314   0.642301
      1       0.934254  -0.303866  -0.186639
      2       0.336518   0.578049   0.743381
 P Eigenvalues: 
                  0          1          2    
      0      44.668610  46.653084  55.831294
P(iso)  49.050996
 Nucleus: 1 C  
 Shielding tensor (ppm): 
                  0          1          2    
      0     134.235829   0.165364   2.105057
      1      -2.012512 164.628927  10.060069
      2       0.647903  13.581654 139.525999
 P Tensor eigenvectors:
                   0          1          2    
      0      -0.769913   0.637990  -0.014249
      1      -0.241844  -0.271044   0.931690
      2       0.590547   0.720766   0.362975
 P Eigenvalues: 
                  0          1          2    
      0     132.886259 136.183627 169.320869
P(iso)  146.130252
 Nucleus: 2 C  
 Shielding tensor (ppm): 
                  0          1          2    
      0     173.829577   1.492148  11.483150
      1      -0.730498 170.243965   0.758531
      2      10.530263   3.201067 180.923875
 P Tensor eigenvectors:
                   0          1          2    
      0       0.785056   0.212634   0.581785
      1       0.189726  -0.976636   0.100932
      2      -0.589653  -0.031143   0.807056
 P Eigenvalues: 
                  0          1          2    
      0     165.647358 170.232930 189.117128
P(iso)  174.999139
 Nucleus: 12 C  
 Shielding tensor (ppm): 
                  0          1          2    
      0      30.863655  -2.432078 -15.813706
      1      -3.244237 156.860868  64.267926
      2     -16.358295  68.785529 -49.380835
 P Tensor eigenvectors:
                   0          1          2    
      0       0.988405  -0.141995  -0.053785
      1       0.088986   0.254681   0.962922
      2      -0.123033  -0.956543   0.264363
 P Eigenvalues: 
                  0          1          2    
      0      32.603063 -70.963634 176.704259
P(iso)  46.114563
 Nucleus: 13 C  
 Shielding tensor (ppm): 
                  0          1          2    
      0     -31.449886 -21.656911  46.056307
      1     -17.754532 159.856401  51.624302
      2      47.267384  54.525275   9.765109
 P Tensor eigenvectors:
                   0          1          2    
      0      -0.617295   0.786717   0.004898
      1       0.219854   0.178479  -0.959067
      2      -0.755388  -0.590950  -0.283137
 P Eigenvalues: 
                  0          1          2    
      0      32.551284 -71.079519 176.699859
P(iso)  46.057208
 Nucleus: 15 C  
 Shielding tensor (ppm): 
                  0          1          2    
      0     -56.935500   4.518057 -36.031370
      1       9.260594 160.581201  48.909784
      2     -34.452904  46.999082  34.584377
 P Tensor eigenvectors:
                   0          1          2    
      0      -0.368048   0.929803   0.002598
      1      -0.308474  -0.124740   0.943018
      2       0.877146   0.346275   0.332730
 P Eigenvalues: 
                  0          1          2    
      0      32.544731 -71.011574 176.696921
P(iso)  46.076692
 Nucleus: 17 C  
 Shielding tensor (ppm): 
                  0          1          2    
      0      30.641933  -1.053289 -16.318223
      1      -0.426447 148.153552  80.817905
      2     -15.761189  76.164448 -40.505911
 P Tensor eigenvectors:
                   0          1          2    
      0       0.988816  -0.143992  -0.038845
      1       0.088145   0.354140   0.931029
      2      -0.120304  -0.924041   0.362871
 P Eigenvalues: 
                  0          1          2    
      0      32.547694 -70.933726 176.675606
P(iso)  46.096525
 Nucleus: 19 C  
 Shielding tensor (ppm): 
                  0          1          2    
      0     -30.154581 -28.313790  43.358745
      1     -32.164925 153.381341  61.486908
      2      42.105712  58.720647  15.138680
 P Tensor eigenvectors:
                   0          1          2    
      0      -0.619851   0.779816  -0.087585
      1       0.219199   0.279234   0.934869
      2      -0.753483  -0.560281   0.344019
 P Eigenvalues: 
                  0          1          2    
      0      32.658042 -70.942298 176.649696
P(iso)  46.121813
 Nucleus: 21 C  
 Shielding tensor (ppm): 
                  0          1          2    
      0     -55.547577  -2.799484 -38.299227
      1      -7.619057 162.543406  42.470109
      2     -39.918850  44.348155  31.445965
 P Tensor eigenvectors:
                   0          1          2    
      0      -0.370872   0.923693  -0.096153
      1      -0.308198  -0.024749   0.951000
      2       0.876052   0.382334   0.293859
 P Eigenvalues: 
                  0          1          2    
      0      32.714499 -70.904104 176.631398
P(iso)  46.147265
 Nucleus: 8 F  
 Shielding tensor (ppm): 
                  0          1          2    
      0     304.823220  26.113845 -35.371978
      1      13.530162 206.671998 -62.302617
      2     -18.668366 -56.847021 273.281948
 P Tensor eigenvectors:
                   0          1          2    
      0      -0.030794  -0.735619   0.676696
      1       0.868064   0.315936   0.382948
      2       0.495497  -0.599207  -0.628835
 P Eigenvalues: 
                  0          1          2    
      0     171.634811 273.223735 339.918620
P(iso)  261.592389
 Nucleus: 9 F  
 Shielding tensor (ppm): 
                  0          1          2    
      0     317.211902  -8.249192 -24.712905
      1      -4.616253 195.717138 -42.370777
      2     -43.673198 -36.579067 284.439646
 P Tensor eigenvectors:
                   0          1          2    
      0      -0.132562   0.561068  -0.817086
      1      -0.915448  -0.385332  -0.116076
      2      -0.379976   0.732613   0.564709
 P Eigenvalues: 
                  0          1          2    
      0     178.193561 278.541820 340.633304
P(iso)  265.789562
 Nucleus: 10 F  
 Shielding tensor (ppm): 
                  0          1          2    
      0     284.560926  17.827788  41.745393
      1      18.883351 158.368561 -15.708679
      2      41.749474 -18.388433 303.770848
 P Tensor eigenvectors:
                   0          1          2    
      0      -0.183775  -0.762531   0.620301
      1       0.969434  -0.244958  -0.013914
      2       0.162558   0.598783   0.784241
 P Eigenvalues: 
                  0          1          2    
      0     152.064716 257.611829 337.023790
P(iso)  248.900112
# -------------------------------------------------------------
----------------------- !GEOMETRIES! ------------------------
# -------------------------------------------------------------
------------------------ !GEOMETRY! -------------------------
    Number of atoms:    23 
    Geometry Index:     1 
    Coordinates:
               0 C     -2.598351000000    0.884059000000    1.085800000000
               1 C     -2.665769000000    2.270910000000    1.587320000000
               2 C     -1.778420000000    2.397030000000    2.814410000000
               3 H     -3.704272000000    2.510719000000    1.828566000000
               4 H     -2.339358000000    2.951068000000    0.796194000000
               5 H     -2.110330000000    1.742989000000    3.620683000000
               6 H     -0.739180000000    2.160654000000    2.583635000000
               7 H     -1.798360000000    3.419775000000    3.198868000000
               8 F     -3.058540000000    0.184425000000    2.138736000000
               9 F     -1.306018000000    0.743549000000    0.769943000000
              10 F     -3.437739000000    0.912349000000    0.020896000000
              11 H     -2.050774000000   -5.592810000000    1.099768000000
              12 C     -2.205253000000   -5.294438000000    0.069317000000
              13 C     -3.500744000000   -5.189708000000   -0.440351000000
              14 H     -4.352185000000   -5.409326000000    0.192736000000
              15 C     -3.701132000000   -4.766818000000   -1.755441000000
              16 H     -4.707689000000   -4.659021000000   -2.141249000000
              17 C     -2.606263000000   -4.444888000000   -2.559063000000
              18 H     -2.762482000000   -4.084333000000   -3.569016000000
              19 C     -1.310904000000   -4.551888000000   -2.050042000000
              20 H     -0.463195000000   -4.272502000000   -2.664737000000
              21 C     -1.110283000000   -4.978668000000   -0.736542000000
              22 H     -0.106385000000   -5.031724000000   -0.331047000000
