-------------------------------------------------------------
----------------------- !PROPERTIES! ------------------------
-------------------------------------------------------------
# -----------------------------------------------------------
$ PAL_Flags
   description: The PAL Flags
   geom. index: 1
   prop. index: 1
        Diskflag:     2
# -----------------------------------------------------------
$ SCF_Energy
   description: The SCF energy
   geom. index: 1
   prop. index: 1
        SCF Energy:     -648.6427272457
# -----------------------------------------------------------
$ DFT_Energy
   description: The DFT energy
   geom. index: 1
   prop. index: 1
   Number of Alpha Electrons                 45.9999880505 
   Number of Beta  Electrons                 45.9999880505 
   Total number of  Electrons                91.9999761010 
   Exchange energy                          -60.4323452808 
   Correlation energy                        -3.0768009302 
   Correlation energy NL                      0.0000000000 
   Exchange-Correlation energy              -63.5091462110 
   Embedding correction                       0.0000000000 
   Total DFT Energy (No VdW correction)    -648.6427272457 
# -----------------------------------------------------------
$ Mayer_Pop
   description: The Mayer population analysis
   geom. index: 1
   prop. index: 1
     Number of atoms                     : 23
     Threshold for printing              : 0.1000000
     Number of bond orders printed       : 22
  NA   - Mulliken gross atomic population
  ZA   - Total nuclear charge
  QA   - Mulliken gross atomic charge
  VA   - Mayer's total valence
  BVA  - Mayer's bonded valence
  FA   - Mayer's free valence
  ATOM       NA         ZA         QA         VA         BVA        FA
  0   0     5.2990     6.0000     0.7010     4.0501     4.0501     0.0000
  1   0     6.0775     6.0000    -0.0775     3.9868     3.9868    -0.0000
  2   0     6.1082     6.0000    -0.1082     3.9567     3.9567     0.0000
  3   0     0.9608     1.0000     0.0392     1.0274     1.0274    -0.0000
  4   0     0.9615     1.0000     0.0385     1.0270     1.0270    -0.0000
  5   0     0.9543     1.0000     0.0457     1.0197     1.0197    -0.0000
  6   0     0.9556     1.0000     0.0444     1.0205     1.0205    -0.0000
  7   0     0.9652     1.0000     0.0348     1.0141     1.0141     0.0000
  8   0     9.2390     9.0000    -0.2390     1.0361     1.0361     0.0000
  9   0     9.2352     9.0000    -0.2352     1.0450     1.0450     0.0000
 10   0     9.2438     9.0000    -0.2438     1.0298     1.0298    -0.0000
 11   0     0.9740     1.0000     0.0260     1.0220     1.0220    -0.0000
 12   0     6.0263     6.0000    -0.0263     3.8838     3.8838    -0.0000
 13   0     6.0260     6.0000    -0.0260     3.8839     3.8839     0.0000
 14   0     0.9741     1.0000     0.0259     1.0220     1.0220     0.0000
 15   0     6.0255     6.0000    -0.0255     3.8842     3.8842    -0.0000
 16   0     0.9741     1.0000     0.0259     1.0220     1.0220    -0.0000
 17   0     6.0261     6.0000    -0.0261     3.8840     3.8840    -0.0000
 18   0     0.9741     1.0000     0.0259     1.0220     1.0220    -0.0000
 19   0     6.0260     6.0000    -0.0260     3.8840     3.8840    -0.0000
 20   0     0.9740     1.0000     0.0260     1.0219     1.0219     0.0000
 21   0     6.0259     6.0000    -0.0259     3.8840     3.8840     0.0000
 22   0     0.9739     1.0000     0.0261     1.0219     1.0219    -0.0000
      Bond orders larger than 0.1000000
           Atom A     A.N. of A          Atom B    A.N. of B              Bond order
                0             6               1            6                1.009881
                0             6               8            9                1.004456
                0             6               9            9                1.013025
                0             6              10            9                1.004166
                1             6               2            6                0.967259
                1             6               3            1                0.999086
                1             6               4            1                0.998742
                2             6               5            1                1.000330
                2             6               6            1                1.000513
                2             6               7            1                0.995177
               11             1              12            6                1.022388
               12             6              13            6                1.415121
               12             6              21            6                1.415532
               13             6              14            1                1.022419
               13             6              15            6                1.415556
               15             6              16            1                1.022394
               15             6              17            6                1.415414
               17             6              18            1                1.022382
               17             6              19            6                1.415341
               19             6              20            1                1.022316
               19             6              21            6                1.415545
               21             6              22            1                1.022239
# -----------------------------------------------------------
$ Calculation_Info
   description: Details of the calculation
   geom. index: 1
   prop. index: 1
     Multiplicity:                          1
     Charge:                                0
     number of atoms:                       23
     number of electrons:                   0
     number of frozen core electrons:       1
     number of correlated electrons:        0
     number of basis functions:             586
     number of aux C basis functions:       0
     number of aux J basis functions:       0
     number of aux JK basis functions:      2932
     number of aux CABS basis functions:    0
     Total Energy                           -648.642727
# -----------------------------------------------------------
$ SCF_Electric_Properties
   description: The SCF Calculated Electric Properties
   geom. index: 1
   prop. index: 1
       Filename                          : run_all_displaced_distances_job19.scfp 
       Do Dipole Moment Calculation      : true 
       Do Quadrupole Moment Calculation  : false 
       Do Polarizability Calculation     : false 
** Dipole moment part of electric properties **
        Magnitude of dipole moment (Debye) :        1.3620347001
        Electronic Contribution:
                  0    
      0      -2.049768
      1       8.142081
      2       1.142893
        Nuclear Contribution:
                  0    
      0       2.091195
      1      -7.662822
      2      -0.906810
        Total Dipole moment:
                  0    
      0       0.041428
      1       0.479259
      2       0.236082
# -----------------------------------------------------------
$ EPRNMR_OrbitalShielding
   description: Orbital contribution to the NMR Shielding tensor (ppm)
   geom. index: 1
   prop. index: 1
 Number of stored nuclei 23
 Source density: 1 SCF 
 Nucleus: 3 H  
 Shielding tensor (ppm): 
                  0          1          2    
      0      32.874969  -2.006996   0.794132
      1      -3.217149  28.797136   1.696324
      2       0.141439   1.545796  27.540747
 P Tensor eigenvectors:
                   0          1          2    
      0      -0.285071   0.337645  -0.897068
      1      -0.650494   0.619230   0.439785
      2       0.703983   0.708908   0.043111
 P Eigenvalues: 
                  0          1          2    
      0      25.864676  29.185517  34.162660
P(iso)  29.737618
 Nucleus: 4 H  
 Shielding tensor (ppm): 
                  0          1          2    
      0      26.255506   0.780817   0.413126
      1       1.110154  31.854184  -3.342592
      2       0.693628  -2.018324  31.202838
 P Tensor eigenvectors:
                   0          1          2    
      0       0.941369   0.334407  -0.044680
      1      -0.253963   0.615197  -0.746348
      2      -0.222097   0.713936   0.664054
 P Eigenvalues: 
                  0          1          2    
      0      25.874788  29.194780  34.242959
P(iso)  29.770842
 Nucleus: 5 H  
 Shielding tensor (ppm): 
                  0          1          2    
      0      26.869585   1.571212  -0.098014
      1       2.284288  29.416510  -1.537784
      2      -0.604357  -2.517450  35.028071
 P Tensor eigenvectors:
                   0          1          2    
      0       0.859448   0.498388  -0.113833
      1      -0.505244   0.794116  -0.337800
      2      -0.077960   0.347835   0.934309
 P Eigenvalues: 
                  0          1          2    
      0      25.782480  29.746835  35.784851
P(iso)  30.438055
 Nucleus: 6 H  
 Shielding tensor (ppm): 
                  0          1          2    
      0      35.705595  -0.421630   0.293395
      1       0.099446  27.319452   2.251203
      2       1.300488   1.576652  28.368975
 P Tensor eigenvectors:
                   0          1          2    
      0       0.060777   0.080203  -0.994924
      1       0.792023  -0.610490  -0.000830
      2      -0.607458  -0.787952  -0.100627
 P Eigenvalues: 
                  0          1          2    
      0      25.821693  29.781401  35.790927
P(iso)  30.464674
 Nucleus: 7 H  
 Shielding tensor (ppm): 
                  0          1          2    
      0      27.011023   1.072285   1.469608
      1       0.773663  34.965189   4.550804
      2       1.356888   4.878617  30.021925
 P Tensor eigenvectors:
                   0          1          2    
      0      -0.782630   0.607670   0.135011
      1      -0.230086  -0.483922   0.844322
      2       0.578404   0.629727   0.518548
 P Eigenvalues: 
                  0          1          2    
      0      26.237438  27.732991  38.027708
P(iso)  30.666046
 Nucleus: 11 H  
 Shielding tensor (ppm): 
                  0          1          2    
      0      26.954264   0.418140  -0.465827
      1       0.434994  21.364525  -0.677086
      2      -0.451997  -0.846251  22.817554
 P Tensor eigenvectors:
                   0          1          2    
      0      -0.036463   0.148773  -0.988199
      1       0.921930  -0.376586  -0.090712
      2       0.385637   0.914357   0.123427
 P Eigenvalues: 
                  0          1          2    
      0      21.030680  23.054936  27.050728
P(iso)  23.712114
 Nucleus: 14 H  
 Shielding tensor (ppm): 
                  0          1          2    
      0      24.573699  -0.247838   1.974237
      1      -0.354828  21.474284  -1.289442
      2       1.938947  -1.366161  25.089999
 P Tensor eigenvectors:
                   0          1          2    
      0      -0.118646  -0.776332   0.619057
      1       0.926217  -0.311213  -0.212763
      2       0.357833   0.548138   0.755976
 P Eigenvalues: 
                  0          1          2    
      0      21.000829  23.070836  27.066317
P(iso)  23.712661
 Nucleus: 16 H  
 Shielding tensor (ppm): 
                  0          1          2    
      0      23.597037   0.768213  -1.182121
      1       0.670679  21.524673  -1.638288
      2      -1.213941  -1.598411  26.022645
 P Tensor eigenvectors:
                   0          1          2    
      0       0.137314   0.920635  -0.365480
      1      -0.952519   0.021498  -0.303718
      2      -0.271756   0.389832   0.879875
 P Eigenvalues: 
                  0          1          2    
      0      20.959312  23.106120  27.078923
P(iso)  23.714785
 Nucleus: 18 H  
 Shielding tensor (ppm): 
                  0          1          2    
      0      26.979492   0.489329  -0.430934
      1       0.459061  21.094599  -0.605194
      2      -0.446748  -0.438267  23.069446
 P Tensor eigenvectors:
                   0          1          2    
      0      -0.060298   0.136567  -0.988794
      1       0.972626  -0.214672  -0.088961
      2       0.224416   0.967091   0.119885
 P Eigenvalues: 
                  0          1          2    
      0      20.943950  23.124270  27.075316
P(iso)  23.714512
 Nucleus: 20 H  
 Shielding tensor (ppm): 
                  0          1          2    
      0      24.607914  -0.629424   1.825414
      1      -0.509691  21.288673  -1.217668
      2       1.855916  -1.118261  25.245234
 P Tensor eigenvectors:
                   0          1          2    
      0       0.024124  -0.787327   0.616063
      1       0.967125  -0.137670  -0.213813
      2       0.253154   0.600968   0.758123
 P Eigenvalues: 
                  0          1          2    
      0      20.968165  23.103122  27.070535
P(iso)  23.713940
 Nucleus: 22 H  
 Shielding tensor (ppm): 
                  0          1          2    
      0      23.620884   0.321099  -1.351182
      1       0.426693  21.614728  -1.693251
      2      -1.312049  -1.737981  25.895396
 P Tensor eigenvectors:
                   0          1          2    
      0      -0.040362   0.926881  -0.373178
      1      -0.939226  -0.162626  -0.302337
      2      -0.340919   0.338296   0.877115
 P Eigenvalues: 
                  0          1          2    
      0      21.008542  23.069101  27.053365
P(iso)  23.710336
 Nucleus: 0 C  
 Shielding tensor (ppm): 
                  0          1          2    
      0      50.400686  -0.897053   4.526204
      1      -0.851211  44.902085  -2.173882
      2       4.413205  -1.893724  51.431678
 P Tensor eigenvectors:
                   0          1          2    
      0      -0.111185  -0.758428   0.642203
      1       0.935991  -0.297099  -0.188818
      2       0.334003   0.580103   0.742915
 P Eigenvalues: 
                  0          1          2    
      0      44.276820  46.636358  55.821271
P(iso)  48.911483
 Nucleus: 1 C  
 Shielding tensor (ppm): 
                  0          1          2    
      0     134.276942   0.170326   2.118967
      1      -1.994917 164.474834   9.968141
      2       0.659738  13.505383 139.545536
 P Tensor eigenvectors:
                   0          1          2    
      0      -0.770811   0.636913  -0.013865
      1      -0.241150  -0.271564   0.931719
      2       0.589659   0.721522   0.362916
 P Eigenvalues: 
                  0          1          2    
      0     132.924959 136.239889 169.132463
P(iso)  146.099104
 Nucleus: 2 C  
 Shielding tensor (ppm): 
                  0          1          2    
      0     173.888240   1.491586  11.485596
      1      -0.745731 170.156567   0.647164
      2      10.520488   3.137047 180.941260
 P Tensor eigenvectors:
                   0          1          2    
      0       0.785736   0.206856   0.582948
      1       0.185826  -0.977832   0.096510
      2      -0.589989  -0.032495   0.806757
 P Eigenvalues: 
                  0          1          2    
      0     165.706976 170.149089 189.130003
P(iso)  174.995356
 Nucleus: 12 C  
 Shielding tensor (ppm): 
                  0          1          2    
      0      30.941079  -2.414676 -15.807621
      1      -3.235034 156.712398  64.235058
      2     -16.355904  68.744060 -49.280489
 P Tensor eigenvectors:
                   0          1          2    
      0       0.988398  -0.142037  -0.053803
      1       0.089035   0.254844   0.962874
      2      -0.123052  -0.956494   0.264534
 P Eigenvalues: 
                  0          1          2    
      0      32.681171 -70.863454 176.555271
P(iso)  46.124329
 Nucleus: 13 C  
 Shielding tensor (ppm): 
                  0          1          2    
      0     -31.333042 -21.686927  46.046687
      1     -17.813847 159.711391  51.573726
      2      47.245550  54.461667   9.859576
 P Tensor eigenvectors:
                   0          1          2    
      0      -0.617345   0.786675   0.005274
      1       0.219709   0.178847  -0.959032
      2      -0.755389  -0.590895  -0.283250
 P Eigenvalues: 
                  0          1          2    
      0      32.659110 -70.969051 176.547867
P(iso)  46.079308
 Nucleus: 15 C  
 Shielding tensor (ppm): 
                  0          1          2    
      0     -56.810048   4.487379 -36.048674
      1       9.188335 160.476531  48.791500
      2     -34.483599  46.892054  34.666065
 P Tensor eigenvectors:
                   0          1          2    
      0      -0.368076   0.929793   0.002160
      1      -0.308440  -0.124292   0.943089
      2       0.877146   0.346462   0.332535
 P Eigenvalues: 
                  0          1          2    
      0      32.679395 -70.894816 176.547969
P(iso)  46.110849
 Nucleus: 17 C  
 Shielding tensor (ppm): 
                  0          1          2    
      0      30.767048  -1.047665 -16.314510
      1      -0.435544 148.079581  80.674834
      2     -15.761844  76.044150 -40.465890
 P Tensor eigenvectors:
                   0          1          2    
      0       0.988820  -0.143935  -0.038949
      1       0.088177   0.353796   0.931157
      2      -0.120246  -0.924181   0.362532
 P Eigenvalues: 
                  0          1          2    
      0      32.672139 -70.823594 176.532193
P(iso)  46.126913
 Nucleus: 19 C  
 Shielding tensor (ppm): 
                  0          1          2    
      0     -30.066183 -28.267617  43.373142
      1     -32.124228 153.303396  61.377059
      2      42.120704  58.618302  15.184551
 P Tensor eigenvectors:
                   0          1          2    
      0      -0.619799   0.779866  -0.087509
      1       0.219093   0.279035   0.934953
      2      -0.753556  -0.560311   0.343809
 P Eigenvalues: 
                  0          1          2    
      0      32.751316 -70.843267 176.513715
P(iso)  46.140588
 Nucleus: 21 C  
 Shielding tensor (ppm): 
                  0          1          2    
      0     -55.464389  -2.747166 -38.272802
      1      -7.573800 162.427890  42.417376
      2     -39.895620  44.292846  31.505220
 P Tensor eigenvectors:
                   0          1          2    
      0      -0.370850   0.923714  -0.096033
      1      -0.308154  -0.024846   0.951012
      2       0.876077   0.382275   0.293861
 P Eigenvalues: 
                  0          1          2    
      0      32.784636 -70.809632 176.493718
P(iso)  46.156240
 Nucleus: 8 F  
 Shielding tensor (ppm): 
                  0          1          2    
      0     304.868324  26.142405 -35.342820
      1      13.665669 206.237907 -62.611360
      2     -18.598785 -56.990724 273.240603
 P Tensor eigenvectors:
                   0          1          2    
      0      -0.031459  -0.735617   0.676666
      1       0.868423   0.315046   0.382867
      2       0.494824  -0.599678  -0.628916
 P Eigenvalues: 
                  0          1          2    
      0     171.098297 273.279978 339.968559
P(iso)  261.448945
 Nucleus: 9 F  
 Shielding tensor (ppm): 
                  0          1          2    
      0     317.294259  -8.223298 -24.651940
      1      -4.735717 195.265598 -42.529756
      2     -43.681874 -36.758495 284.485144
 P Tensor eigenvectors:
                   0          1          2    
      0      -0.131952   0.561103  -0.817161
      1      -0.915771  -0.384536  -0.116166
      2      -0.379409   0.733004   0.564583
 P Eigenvalues: 
                  0          1          2    
      0     177.697692 278.661664 340.685646
P(iso)  265.681667
 Nucleus: 10 F  
 Shielding tensor (ppm): 
                  0          1          2    
      0     284.675563  17.849880  41.695551
      1      19.046081 157.908892 -15.854972
      2      41.766840 -18.597396 303.793209
 P Tensor eigenvectors:
                   0          1          2    
      0      -0.183546  -0.762329   0.620617
      1       0.969378  -0.245149  -0.014435
      2       0.163148   0.598963   0.783981
 P Eigenvalues: 
                  0          1          2    
      0     151.549854 257.760315 337.067494
P(iso)  248.792554
# -------------------------------------------------------------
----------------------- !GEOMETRIES! ------------------------
# -------------------------------------------------------------
------------------------ !GEOMETRY! -------------------------
    Number of atoms:    23 
    Geometry Index:     1 
    Coordinates:
               0 C     -2.598351000000    0.884059000000    1.085800000000
               1 C     -2.665769000000    2.270910000000    1.587320000000
               2 C     -1.778420000000    2.397030000000    2.814410000000
               3 H     -3.704272000000    2.510719000000    1.828566000000
               4 H     -2.339358000000    2.951068000000    0.796194000000
               5 H     -2.110330000000    1.742989000000    3.620683000000
               6 H     -0.739180000000    2.160654000000    2.583635000000
               7 H     -1.798360000000    3.419775000000    3.198868000000
               8 F     -3.058540000000    0.184425000000    2.138736000000
               9 F     -1.306018000000    0.743549000000    0.769943000000
              10 F     -3.437739000000    0.912349000000    0.020896000000
              11 H     -2.062295000000   -6.500135000000    0.679495000000
              12 C     -2.216774000000   -6.201763000000   -0.350955000000
              13 C     -3.512264000000   -6.097033000000   -0.860624000000
              14 H     -4.363705000000   -6.316650000000   -0.227536000000
              15 C     -3.712653000000   -5.674143000000   -2.175714000000
              16 H     -4.719209000000   -5.566346000000   -2.561522000000
              17 C     -2.617784000000   -5.352212000000   -2.979335000000
              18 H     -2.774003000000   -4.991657000000   -3.989289000000
              19 C     -1.322424000000   -5.459213000000   -2.470314000000
              20 H     -0.474716000000   -5.179827000000   -3.085009000000
              21 C     -1.121804000000   -5.885993000000   -1.156814000000
              22 H     -0.117906000000   -5.939048000000   -0.751320000000
