-------------------------------------------------------------
----------------------- !PROPERTIES! ------------------------
-------------------------------------------------------------
# -----------------------------------------------------------
$ PAL_Flags
   description: The PAL Flags
   geom. index: 1
   prop. index: 1
        Diskflag:     2
# -----------------------------------------------------------
$ SCF_Energy
   description: The SCF energy
   geom. index: 1
   prop. index: 1
        SCF Energy:     -648.6427774125
# -----------------------------------------------------------
$ DFT_Energy
   description: The DFT energy
   geom. index: 1
   prop. index: 1
   Number of Alpha Electrons                 45.9999824620 
   Number of Beta  Electrons                 45.9999824620 
   Total number of  Electrons                91.9999649241 
   Exchange energy                          -60.4322424986 
   Correlation energy                        -3.0767770446 
   Correlation energy NL                      0.0000000000 
   Exchange-Correlation energy              -63.5090195432 
   Embedding correction                       0.0000000000 
   Total DFT Energy (No VdW correction)    -648.6427774125 
# -----------------------------------------------------------
$ Mayer_Pop
   description: The Mayer population analysis
   geom. index: 1
   prop. index: 1
     Number of atoms                     : 23
     Threshold for printing              : 0.1000000
     Number of bond orders printed       : 22
  NA   - Mulliken gross atomic population
  ZA   - Total nuclear charge
  QA   - Mulliken gross atomic charge
  VA   - Mayer's total valence
  BVA  - Mayer's bonded valence
  FA   - Mayer's free valence
  ATOM       NA         ZA         QA         VA         BVA        FA
  0   0     5.2928     6.0000     0.7072     4.0382     4.0382     0.0000
  1   0     6.0799     6.0000    -0.0799     3.9914     3.9914     0.0000
  2   0     6.1085     6.0000    -0.1085     3.9571     3.9571     0.0000
  3   0     0.9612     1.0000     0.0388     1.0275     1.0275     0.0000
  4   0     0.9619     1.0000     0.0381     1.0271     1.0271    -0.0000
  5   0     0.9544     1.0000     0.0456     1.0197     1.0197     0.0000
  6   0     0.9557     1.0000     0.0443     1.0205     1.0205    -0.0000
  7   0     0.9655     1.0000     0.0345     1.0142     1.0142    -0.0000
  8   0     9.2397     9.0000    -0.2397     1.0352     1.0352     0.0000
  9   0     9.2357     9.0000    -0.2357     1.0443     1.0443     0.0000
 10   0     9.2443     9.0000    -0.2443     1.0290     1.0290    -0.0000
 11   0     0.9742     1.0000     0.0258     1.0220     1.0220    -0.0000
 12   0     6.0264     6.0000    -0.0264     3.8843     3.8843     0.0000
 13   0     6.0261     6.0000    -0.0261     3.8844     3.8844     0.0000
 14   0     0.9743     1.0000     0.0257     1.0221     1.0221     0.0000
 15   0     6.0248     6.0000    -0.0248     3.8846     3.8846     0.0000
 16   0     0.9744     1.0000     0.0256     1.0220     1.0220    -0.0000
 17   0     6.0254     6.0000    -0.0254     3.8844     3.8844     0.0000
 18   0     0.9744     1.0000     0.0256     1.0220     1.0220    -0.0000
 19   0     6.0260     6.0000    -0.0260     3.8844     3.8844     0.0000
 20   0     0.9743     1.0000     0.0257     1.0220     1.0220     0.0000
 21   0     6.0259     6.0000    -0.0259     3.8844     3.8844    -0.0000
 22   0     0.9741     1.0000     0.0259     1.0219     1.0219    -0.0000
      Bond orders larger than 0.1000000
           Atom A     A.N. of A          Atom B    A.N. of B              Bond order
                0             6               1            6                1.009081
                0             6               8            9                1.001690
                0             6               9            9                1.010459
                0             6              10            9                1.001971
                1             6               2            6                0.967836
                1             6               3            1                0.999833
                1             6               4            1                0.999547
                2             6               5            1                1.000361
                2             6               6            1                1.000546
                2             6               7            1                0.995315
               11             1              12            6                1.022237
               12             6              13            6                1.415297
               12             6              21            6                1.415869
               13             6              14            1                1.022390
               13             6              15            6                1.415734
               15             6              16            1                1.022260
               15             6              17            6                1.415623
               17             6              18            1                1.022292
               17             6              19            6                1.415465
               19             6              20            1                1.022259
               19             6              21            6                1.415667
               21             6              22            1                1.022073
# -----------------------------------------------------------
$ Calculation_Info
   description: Details of the calculation
   geom. index: 1
   prop. index: 1
     Multiplicity:                          1
     Charge:                                0
     number of atoms:                       23
     number of electrons:                   0
     number of frozen core electrons:       1
     number of correlated electrons:        0
     number of basis functions:             586
     number of aux C basis functions:       0
     number of aux J basis functions:       0
     number of aux JK basis functions:      2932
     number of aux CABS basis functions:    0
     Total Energy                           -648.642777
# -----------------------------------------------------------
$ SCF_Electric_Properties
   description: The SCF Calculated Electric Properties
   geom. index: 1
   prop. index: 1
       Filename                          : run_all_displaced_distances_job13.scfp 
       Do Dipole Moment Calculation      : true 
       Do Quadrupole Moment Calculation  : false 
       Do Polarizability Calculation     : false 
** Dipole moment part of electric properties **
        Magnitude of dipole moment (Debye) :        1.3470116127
        Electronic Contribution:
                  0    
      0      -2.091587
      1       5.027011
      2      -0.302989
        Nuclear Contribution:
                  0    
      0       2.130698
      1      -4.551781
      2       0.534222
        Total Dipole moment:
                  0    
      0       0.039111
      1       0.475229
      2       0.231233
# -----------------------------------------------------------
$ EPRNMR_OrbitalShielding
   description: Orbital contribution to the NMR Shielding tensor (ppm)
   geom. index: 1
   prop. index: 1
 Number of stored nuclei 23
 Source density: 1 SCF 
 Nucleus: 3 H  
 Shielding tensor (ppm): 
                  0          1          2    
      0      32.846125  -2.036759   0.781591
      1      -3.288010  29.031892   1.803616
      2       0.117250   1.638641  27.551326
 P Tensor eigenvectors:
                   0          1          2    
      0      -0.284159   0.368488  -0.885139
      1      -0.635682   0.618703   0.461644
      2       0.717748   0.693847   0.058431
 P Eigenvalues: 
                  0          1          2    
      0      25.861423  29.330577  34.237343
P(iso)  29.809781
 Nucleus: 4 H  
 Shielding tensor (ppm): 
                  0          1          2    
      0      26.221709   0.773619   0.410183
      1       1.121287  32.121539  -3.284393
      2       0.691034  -1.928402  31.178344
 P Tensor eigenvectors:
                   0          1          2    
      0       0.948152   0.314090  -0.048528
      1      -0.237290   0.598036  -0.765536
      2      -0.211425   0.737360   0.641560
 P Eigenvalues: 
                  0          1          2    
      0      25.866869  29.338987  34.315737
P(iso)  29.840531
 Nucleus: 5 H  
 Shielding tensor (ppm): 
                  0          1          2    
      0      26.833992   1.567393  -0.098569
      1       2.307037  29.562329  -1.341538
      2      -0.595681  -2.417851  35.071240
 P Tensor eigenvectors:
                   0          1          2    
      0       0.871099   0.478337  -0.111264
      1      -0.486638   0.810236  -0.326652
      2      -0.066100   0.338691   0.938573
 P Eigenvalues: 
                  0          1          2    
      0      25.792735  29.927477  35.747349
P(iso)  30.489187
 Nucleus: 6 H  
 Shielding tensor (ppm): 
                  0          1          2    
      0      35.660235  -0.401765   0.300892
      1       0.193601  27.502858   2.392116
      2       1.338344   1.667797  28.391104
 P Tensor eigenvectors:
                   0          1          2    
      0       0.059617   0.089775  -0.994176
      1       0.776188  -0.630416  -0.010382
      2      -0.627677  -0.771048  -0.107266
 P Eigenvalues: 
                  0          1          2    
      0      25.832858  29.968439  35.752900
P(iso)  30.518066
 Nucleus: 7 H  
 Shielding tensor (ppm): 
                  0          1          2    
      0      26.991598   1.072951   1.470928
      1       0.789796  35.086119   4.639283
      2       1.367248   4.938078  30.038165
 P Tensor eigenvectors:
                   0          1          2    
      0      -0.781985   0.608762   0.133822
      1      -0.230866  -0.482317   0.845027
      2       0.578965   0.629903   0.517707
 P Eigenvalues: 
                  0          1          2    
      0      26.215425  27.715106  38.185351
P(iso)  30.705294
 Nucleus: 11 H  
 Shielding tensor (ppm): 
                  0          1          2    
      0      26.838455   0.387112  -0.468382
      1       0.398265  21.612471  -0.697636
      2      -0.456568  -0.864632  22.676155
 P Tensor eigenvectors:
                   0          1          2    
      0      -0.023796   0.152142  -0.988072
      1       0.886328  -0.453978  -0.091249
      2       0.462446   0.877927   0.124045
 P Eigenvalues: 
                  0          1          2    
      0      21.196180  22.998146  26.932756
P(iso)  23.709027
 Nucleus: 14 H  
 Shielding tensor (ppm): 
                  0          1          2    
      0      24.481792  -0.136793   1.999404
      1      -0.244781  21.675037  -1.262357
      2       1.962916  -1.330622  24.969327
 P Tensor eigenvectors:
                   0          1          2    
      0      -0.186772  -0.761091   0.621173
      1       0.897165  -0.389762  -0.207799
      2       0.400264   0.518484   0.755621
 P Eigenvalues: 
                  0          1          2    
      0      21.137306  23.033693  26.955157
P(iso)  23.708719
 Nucleus: 16 H  
 Shielding tensor (ppm): 
                  0          1          2    
      0      23.515512   0.874857  -1.126337
      1       0.777397  21.616951  -1.508534
      2      -1.158923  -1.468289  25.994161
 P Tensor eigenvectors:
                   0          1          2    
      0       0.209728   0.907764  -0.363290
      1      -0.948493   0.098660  -0.301043
      2      -0.237434   0.407715   0.881699
 P Eigenvalues: 
                  0          1          2    
      0      21.061954  23.091499  26.973171
P(iso)  23.708874
 Nucleus: 18 H  
 Shielding tensor (ppm): 
                  0          1          2    
      0      26.877070   0.499698  -0.425036
      1       0.460254  21.127659  -0.437990
      2      -0.444214  -0.268364  23.120829
 P Tensor eigenvectors:
                   0          1          2    
      0       0.070137   0.131343  -0.988853
      1      -0.986076  -0.140712  -0.088630
      2      -0.150784   0.981300   0.119645
 P Eigenvalues: 
                  0          1          2    
      0      21.039036  23.113921  26.972601
P(iso)  23.708519
 Nucleus: 20 H  
 Shielding tensor (ppm): 
                  0          1          2    
      0      24.530987  -0.719402   1.765464
      1      -0.601248  21.346694  -1.077905
      2       1.795405  -0.970187  25.248122
 P Tensor eigenvectors:
                   0          1          2    
      0       0.082200  -0.785459   0.613431
      1       0.975564  -0.062426  -0.210659
      2       0.203758   0.615758   0.761134
 P Eigenvalues: 
                  0          1          2    
      0      21.076804  23.082234  26.966763
P(iso)  23.708601
 Nucleus: 22 H  
 Shielding tensor (ppm): 
                  0          1          2    
      0      23.553261   0.186748  -1.390566
      1       0.291425  21.775695  -1.634453
      2      -1.350568  -1.678549  25.789868
 P Tensor eigenvectors:
                   0          1          2    
      0      -0.117241   0.919218  -0.375890
      1      -0.923693  -0.239952  -0.298688
      2      -0.364754   0.312189   0.877207
 P Eigenvalues: 
                  0          1          2    
      0      21.152538  23.024985  26.941301
P(iso)  23.706275
 Nucleus: 0 C  
 Shielding tensor (ppm): 
                  0          1          2    
      0      50.424400  -0.923188   4.507460
      1      -0.876197  45.502888  -1.929362
      2       4.397741  -1.687818  51.527620
 P Tensor eigenvectors:
                   0          1          2    
      0      -0.124418  -0.756248   0.642347
      1       0.932222  -0.310812  -0.185361
      2       0.339828   0.575747   0.743661
 P Eigenvalues: 
                  0          1          2    
      0      44.961106  46.661614  55.832188
P(iso)  49.151636
 Nucleus: 1 C  
 Shielding tensor (ppm): 
                  0          1          2    
      0     134.215128   0.161493   2.098153
      1      -2.017091 164.743282  10.118064
      2       0.641234  13.632034 139.522610
 P Tensor eigenvectors:
                   0          1          2    
      0      -0.769724   0.638215  -0.014387
      1      -0.242015  -0.270880   0.931694
      2       0.590724   0.720628   0.362960
 P Eigenvalues: 
                  0          1          2    
      0     132.868609 136.155938 169.456473
P(iso)  146.160340
 Nucleus: 2 C  
 Shielding tensor (ppm): 
                  0          1          2    
      0     173.804313   1.493114  11.483083
      1      -0.711789 170.310014   0.824752
      2      10.537611   3.240585 180.926363
 P Tensor eigenvectors:
                   0          1          2    
      0       0.784865   0.215363   0.581039
      1       0.191015  -0.976087   0.103766
      2      -0.589492  -0.029545   0.807234
 P Eigenvalues: 
                  0          1          2    
      0     165.622763 170.294229 189.123698
P(iso)  175.013563
 Nucleus: 12 C  
 Shielding tensor (ppm): 
                  0          1          2    
      0      30.824220  -2.445067 -15.817024
      1      -3.260807 156.973882  64.296286
      2     -16.360383  68.794086 -49.416387
 P Tensor eigenvectors:
                   0          1          2    
      0       0.988405  -0.141982  -0.053823
      1       0.089020   0.254684   0.962918
      2      -0.123009  -0.956544   0.264370
 P Eigenvalues: 
                  0          1          2    
      0      32.562557 -70.998310 176.817467
P(iso)  46.127238
 Nucleus: 13 C  
 Shielding tensor (ppm): 
                  0          1          2    
      0     -31.500183 -21.621250  46.056024
      1     -17.733798 159.957300  51.666031
      2      47.265881  54.555471   9.722370
 P Tensor eigenvectors:
                   0          1          2    
      0      -0.617260   0.786744   0.004838
      1       0.219931   0.178450  -0.959055
      2      -0.755394  -0.590922  -0.283179
 P Eigenvalues: 
                  0          1          2    
      0      32.492178 -71.120951 176.808259
P(iso)  46.059829
 Nucleus: 15 C  
 Shielding tensor (ppm): 
                  0          1          2    
      0     -56.990079   4.547152 -36.007149
      1       9.280436 160.653698  48.977633
      2     -34.432304  47.072559  34.542055
 P Tensor eigenvectors:
                   0          1          2    
      0      -0.368017   0.929815   0.002667
      1      -0.308516  -0.124814   0.942995
      2       0.877144   0.346216   0.332797
 P Eigenvalues: 
                  0          1          2    
      0      32.464513 -71.058927 176.800088
P(iso)  46.068558
 Nucleus: 17 C  
 Shielding tensor (ppm): 
                  0          1          2    
      0      30.570086  -1.056196 -16.314826
      1      -0.434762 148.208360  80.892643
      2     -15.761819  76.247979 -40.502796
 P Tensor eigenvectors:
                   0          1          2    
      0       0.988811  -0.144019  -0.038866
      1       0.088189   0.354247   0.930984
      2      -0.120311  -0.923995   0.362985
 P Eigenvalues: 
                  0          1          2    
      0      32.474934 -70.975241 176.775958
P(iso)  46.091884
 Nucleus: 19 C  
 Shielding tensor (ppm): 
                  0          1          2    
      0     -30.189282 -28.348163  43.337203
      1     -32.190644 153.442051  61.553265
      2      42.083671  58.793837  15.129017
 P Tensor eigenvectors:
                   0          1          2    
      0      -0.619889   0.779782  -0.087623
      1       0.219249   0.279337   0.934826
      2      -0.753438  -0.560277   0.344124
 P Eigenvalues: 
                  0          1          2    
      0      32.606875 -70.976419 176.751331
P(iso)  46.127262
 Nucleus: 21 C  
 Shielding tensor (ppm): 
                  0          1          2    
      0     -55.571315  -2.846661 -38.314690
      1      -7.652554 162.635083  42.508587
      2     -39.929118  44.381930  31.419282
 P Tensor eigenvectors:
                   0          1          2    
      0      -0.370901   0.923676  -0.096208
      1      -0.308246  -0.024723   0.950986
      2       0.876024   0.382377   0.293889
 P Eigenvalues: 
                  0          1          2    
      0      32.679094 -70.935625 176.739581
P(iso)  46.161017
 Nucleus: 8 F  
 Shielding tensor (ppm): 
                  0          1          2    
      0     304.731665  26.104091 -35.399481
      1      13.467241 206.951666 -62.087567
      2     -18.731905 -56.749163 273.314673
 P Tensor eigenvectors:
                   0          1          2    
      0      -0.030443  -0.735888   0.676419
      1       0.867864   0.316266   0.383131
      2       0.495869  -0.598703  -0.629022
 P Eigenvalues: 
                  0          1          2    
      0     171.990702 273.132907 339.874395
P(iso)  261.666001
 Nucleus: 9 F  
 Shielding tensor (ppm): 
                  0          1          2    
      0     317.170279  -8.264752 -24.761320
      1      -4.529741 196.026817 -42.245740
      2     -43.665219 -36.435288 284.361206
 P Tensor eigenvectors:
                   0          1          2    
      0      -0.132971   0.560639  -0.817314
      1      -0.915215  -0.385954  -0.115847
      2      -0.380394   0.732614   0.564426
 P Eigenvalues: 
                  0          1          2    
      0     178.540375 278.426283 340.591643
P(iso)  265.852767
 Nucleus: 10 F  
 Shielding tensor (ppm): 
                  0          1          2    
      0     284.480819  17.795567  41.812593
      1      18.775274 158.692371 -15.632588
      2      41.784489 -18.251132 303.754092
 P Tensor eigenvectors:
                   0          1          2    
      0      -0.183956  -0.762603   0.620158
      1       0.969444  -0.244934  -0.013630
      2       0.162292   0.598701   0.784358
 P Eigenvalues: 
                  0          1          2    
      0     152.421119 257.474511 337.031651
P(iso)  248.975761
# -------------------------------------------------------------
----------------------- !GEOMETRIES! ------------------------
# -------------------------------------------------------------
------------------------ !GEOMETRY! -------------------------
    Number of atoms:    23 
    Geometry Index:     1 
    Coordinates:
               0 C     -2.598351000000    0.884059000000    1.085800000000
               1 C     -2.665769000000    2.270910000000    1.587320000000
               2 C     -1.778420000000    2.397030000000    2.814410000000
               3 H     -3.704272000000    2.510719000000    1.828566000000
               4 H     -2.339358000000    2.951068000000    0.796194000000
               5 H     -2.110330000000    1.742989000000    3.620683000000
               6 H     -0.739180000000    2.160654000000    2.583635000000
               7 H     -1.798360000000    3.419775000000    3.198868000000
               8 F     -3.058540000000    0.184425000000    2.138736000000
               9 F     -1.306018000000    0.743549000000    0.769943000000
              10 F     -3.437739000000    0.912349000000    0.020896000000
              11 H     -2.045014000000   -5.139147000000    1.309904000000
              12 C     -2.199493000000   -4.840775000000    0.279454000000
              13 C     -3.494983000000   -4.736046000000   -0.230215000000
              14 H     -4.346424000000   -4.955663000000    0.402872000000
              15 C     -3.695372000000   -4.313155000000   -1.545305000000
              16 H     -4.701928000000   -4.205359000000   -1.931113000000
              17 C     -2.600503000000   -3.991225000000   -2.348927000000
              18 H     -2.756722000000   -3.630670000000   -3.358880000000
              19 C     -1.305143000000   -4.098226000000   -1.839905000000
              20 H     -0.457434000000   -3.818840000000   -2.454601000000
              21 C     -1.104522000000   -4.525005000000   -0.526405000000
              22 H     -0.100625000000   -4.578061000000   -0.120911000000
