-------------------------------------------------------------
----------------------- !PROPERTIES! ------------------------
-------------------------------------------------------------
# -----------------------------------------------------------
$ PAL_Flags
   description: The PAL Flags
   geom. index: 1
   prop. index: 1
        Diskflag:     2
# -----------------------------------------------------------
$ SCF_Energy
   description: The SCF energy
   geom. index: 1
   prop. index: 1
        SCF Energy:     -648.6430816321
# -----------------------------------------------------------
$ DFT_Energy
   description: The DFT energy
   geom. index: 1
   prop. index: 1
   Number of Alpha Electrons                 46.0000078487 
   Number of Beta  Electrons                 46.0000078487 
   Total number of  Electrons                92.0000156974 
   Exchange energy                          -60.4322384653 
   Correlation energy                        -3.0768530411 
   Correlation energy NL                      0.0000000000 
   Exchange-Correlation energy              -63.5090915064 
   Embedding correction                       0.0000000000 
   Total DFT Energy (No VdW correction)    -648.6430816321 
# -----------------------------------------------------------
$ Mayer_Pop
   description: The Mayer population analysis
   geom. index: 1
   prop. index: 1
     Number of atoms                     : 23
     Threshold for printing              : 0.1000000
     Number of bond orders printed       : 22
  NA   - Mulliken gross atomic population
  ZA   - Total nuclear charge
  QA   - Mulliken gross atomic charge
  VA   - Mayer's total valence
  BVA  - Mayer's bonded valence
  FA   - Mayer's free valence
  ATOM       NA         ZA         QA         VA         BVA        FA
  0   0     5.2668     6.0000     0.7332     3.9740     3.9740    -0.0000
  1   0     6.0921     6.0000    -0.0921     4.0057     4.0057    -0.0000
  2   0     6.1098     6.0000    -0.1098     3.9579     3.9579    -0.0000
  3   0     0.9622     1.0000     0.0378     1.0281     1.0281    -0.0000
  4   0     0.9628     1.0000     0.0372     1.0277     1.0277    -0.0000
  5   0     0.9546     1.0000     0.0454     1.0196     1.0196    -0.0000
  6   0     0.9560     1.0000     0.0440     1.0205     1.0205    -0.0000
  7   0     0.9652     1.0000     0.0348     1.0154     1.0154    -0.0000
  8   0     9.2426     9.0000    -0.2426     1.0306     1.0306     0.0000
  9   0     9.2384     9.0000    -0.2384     1.0399     1.0399     0.0000
 10   0     9.2469     9.0000    -0.2469     1.0242     1.0242    -0.0000
 11   0     0.9750     1.0000     0.0250     1.0223     1.0223     0.0000
 12   0     6.0269     6.0000    -0.0269     3.8852     3.8852     0.0000
 13   0     6.0262     6.0000    -0.0262     3.8863     3.8863     0.0000
 14   0     0.9751     1.0000     0.0249     1.0224     1.0224     0.0000
 15   0     6.0234     6.0000    -0.0234     3.8867     3.8867    -0.0000
 16   0     0.9752     1.0000     0.0248     1.0223     1.0223     0.0000
 17   0     6.0246     6.0000    -0.0246     3.8869     3.8869    -0.0000
 18   0     0.9751     1.0000     0.0249     1.0223     1.0223    -0.0000
 19   0     6.0256     6.0000    -0.0256     3.8861     3.8861    -0.0000
 20   0     0.9751     1.0000     0.0249     1.0223     1.0223     0.0000
 21   0     6.0257     6.0000    -0.0257     3.8850     3.8850     0.0000
 22   0     0.9751     1.0000     0.0249     1.0222     1.0222    -0.0000
      Bond orders larger than 0.1000000
           Atom A     A.N. of A          Atom B    A.N. of B              Bond order
                0             6               1            6                0.998721
                0             6               8            9                0.990020
                0             6               9            9                0.999011
                0             6              10            9                0.991900
                1             6               2            6                0.971811
                1             6               3            1                1.004525
                1             6               4            1                1.004423
                2             6               5            1                1.000475
                2             6               6            1                1.000668
                2             6               7            1                0.995848
               11             1              12            6                1.022072
               12             6              13            6                1.415747
               12             6              21            6                1.416026
               13             6              14            1                1.022017
               13             6              15            6                1.416667
               15             6              16            1                1.021482
               15             6              17            6                1.416743
               17             6              18            1                1.021590
               17             6              19            6                1.416430
               19             6              20            1                1.021799
               19             6              21            6                1.416124
               21             6              22            1                1.021797
# -----------------------------------------------------------
$ Calculation_Info
   description: Details of the calculation
   geom. index: 1
   prop. index: 1
     Multiplicity:                          1
     Charge:                                0
     number of atoms:                       23
     number of electrons:                   0
     number of frozen core electrons:       1
     number of correlated electrons:        0
     number of basis functions:             586
     number of aux C basis functions:       0
     number of aux J basis functions:       0
     number of aux JK basis functions:      2932
     number of aux CABS basis functions:    0
     Total Energy                           -648.643082
# -----------------------------------------------------------
$ SCF_Electric_Properties
   description: The SCF Calculated Electric Properties
   geom. index: 1
   prop. index: 1
       Filename                          : run_all_displaced_distances_job9.scfp 
       Do Dipole Moment Calculation      : true 
       Do Quadrupole Moment Calculation  : false 
       Do Polarizability Calculation     : false 
** Dipole moment part of electric properties **
        Magnitude of dipole moment (Debye) :        1.3271461912
        Electronic Contribution:
                  0    
      0      -2.120132
      1       2.947251
      2      -1.269461
        Nuclear Contribution:
                  0    
      0       2.157033
      1      -2.477753
      2       1.494913
        Total Dipole moment:
                  0    
      0       0.036901
      1       0.469498
      2       0.225452
# -----------------------------------------------------------
$ EPRNMR_OrbitalShielding
   description: Orbital contribution to the NMR Shielding tensor (ppm)
   geom. index: 1
   prop. index: 1
 Number of stored nuclei 23
 Source density: 1 SCF 
 Nucleus: 3 H  
 Shielding tensor (ppm): 
                  0          1          2    
      0      32.823144  -2.077537   0.764213
      1      -3.383283  29.300767   1.928609
      2       0.082602   1.743288  27.551942
 P Tensor eigenvectors:
                   0          1          2    
      0      -0.282662   0.404201  -0.869899
      1      -0.620031   0.614966   0.487216
      2       0.731891   0.677081   0.076790
 P Eigenvalues: 
                  0          1          2    
      0      25.846881  29.477788  34.351184
P(iso)  29.891951
 Nucleus: 4 H  
 Shielding tensor (ppm): 
                  0          1          2    
      0      26.184738   0.760875   0.405993
      1       1.123988  32.439892  -3.231905
      2       0.693372  -1.835915  31.156393
 P Tensor eigenvectors:
                   0          1          2    
      0       0.954679   0.293104  -0.051757
      1      -0.219582   0.576191  -0.787266
      2      -0.200929   0.762951   0.614438
 P Eigenvalues: 
                  0          1          2    
      0      25.857455  29.491721  34.431847
P(iso)  29.927008
 Nucleus: 5 H  
 Shielding tensor (ppm): 
                  0          1          2    
      0      26.795644   1.559763  -0.093219
      1       2.333088  29.720485  -1.109569
      2      -0.590884  -2.304074  35.133706
 P Tensor eigenvectors:
                   0          1          2    
      0       0.882283   0.458268  -0.107553
      1      -0.467659   0.827343  -0.311126
      2      -0.053596   0.324800   0.944263
 P Eigenvalues: 
                  0          1          2    
      0      25.799840  30.134119  35.715876
P(iso)  30.549945
 Nucleus: 6 H  
 Shielding tensor (ppm): 
                  0          1          2    
      0      35.612492  -0.373598   0.310169
      1       0.315368  27.713592   2.557825
      2       1.390979   1.769285  28.423700
 P Tensor eigenvectors:
                   0          1          2    
      0       0.057910   0.104154  -0.992874
      1       0.759717  -0.649817  -0.023855
      2      -0.647670  -0.752921  -0.116759
 P Eigenvalues: 
                  0          1          2    
      0      25.842452  30.189455  35.717876
P(iso)  30.583261
 Nucleus: 7 H  
 Shielding tensor (ppm): 
                  0          1          2    
      0      26.968476   1.074086   1.471741
      1       0.809291  35.219089   4.740530
      2       1.375916   5.003791  30.057456
 P Tensor eigenvectors:
                   0          1          2    
      0      -0.781688   0.609427   0.132526
      1      -0.231498  -0.480839   0.845697
      2       0.579114   0.630391   0.516947
 P Eigenvalues: 
                  0          1          2    
      0      26.191957  27.692049  38.361015
P(iso)  30.748340
 Nucleus: 11 H  
 Shielding tensor (ppm): 
                  0          1          2    
      0      26.675757   0.330018  -0.462074
      1       0.345018  21.912386  -0.771766
      2      -0.448932  -0.948984  22.533183
 P Tensor eigenvectors:
                   0          1          2    
      0       0.002545   0.154406  -0.988004
      1      -0.817684  -0.568439  -0.090943
      2      -0.575662   0.808106   0.124809
 P Eigenvalues: 
                  0          1          2    
      0      21.308097  23.048875  26.764353
P(iso)  23.707109
 Nucleus: 14 H  
 Shielding tensor (ppm): 
                  0          1          2    
      0      24.388013   0.033410   2.002229
      1      -0.085544  21.915563  -1.244147
      2       1.961112  -1.321804  24.813946
 P Tensor eigenvectors:
                   0          1          2    
      0      -0.281085  -0.729274   0.623820
      1       0.843583  -0.497678  -0.201701
      2       0.457557   0.469549   0.755093
 P Eigenvalues: 
                  0          1          2    
      0      21.229911  23.093070  26.794540
P(iso)  23.705841
 Nucleus: 16 H  
 Shielding tensor (ppm): 
                  0          1          2    
      0      23.447959   1.025189  -1.025806
      1       0.910742  21.721517  -1.354801
      2      -1.063582  -1.305149  25.940364
 P Tensor eigenvectors:
                   0          1          2    
      0       0.304738   0.881765  -0.360036
      1      -0.932968   0.200319  -0.299070
      2      -0.191587   0.427040   0.883703
 P Eigenvalues: 
                  0          1          2    
      0      21.132828  23.160855  26.816157
P(iso)  23.703280
 Nucleus: 18 H  
 Shielding tensor (ppm): 
                  0          1          2    
      0      26.728732   0.501868  -0.411917
      1       0.462818  21.147761  -0.241582
      2      -0.432460  -0.056550  23.233905
 P Tensor eigenvectors:
                   0          1          2    
      0       0.081719   0.123850  -0.988930
      1      -0.995332  -0.040984  -0.087380
      2      -0.051352   0.991454   0.119923
 P Eigenvalues: 
                  0          1          2    
      0      21.100372  23.187542  26.822483
P(iso)  23.703466
 Nucleus: 20 H  
 Shielding tensor (ppm): 
                  0          1          2    
      0      24.465146  -0.843232   1.648432
      1      -0.718776  21.385846  -0.903868
      2       1.681455  -0.787874  25.260435
 P Tensor eigenvectors:
                   0          1          2    
      0       0.163276  -0.775331   0.610084
      1       0.977448   0.043185  -0.206711
      2       0.133923   0.630077   0.764897
 P Eigenvalues: 
                  0          1          2    
      0      21.139501  23.154688  26.817237
P(iso)  23.703809
 Nucleus: 22 H  
 Shielding tensor (ppm): 
                  0          1          2    
      0      23.523233  -0.015652  -1.418571
      1       0.095084  21.953863  -1.586761
      2      -1.376426  -1.632091  25.633928
 P Tensor eigenvectors:
                   0          1          2    
      0      -0.229879  -0.896137  -0.379598
      1      -0.887826   0.352868  -0.295379
      2      -0.398648  -0.269116   0.876731
 P Eigenvalues: 
                  0          1          2    
      0      21.242459  23.087183  26.781382
P(iso)  23.703674
 Nucleus: 0 C  
 Shielding tensor (ppm): 
                  0          1          2    
      0      50.464094  -0.966564   4.476735
      1      -0.934971  46.332046  -1.627434
      2       4.363148  -1.428063  51.656634
 P Tensor eigenvectors:
                   0          1          2    
      0      -0.168371  -0.747836   0.642178
      1       0.913733  -0.362806  -0.182929
      2       0.369787   0.555979   0.744409
 P Eigenvalues: 
                  0          1          2    
      0      45.887030  46.713780  55.851964
P(iso)  49.484258
 Nucleus: 1 C  
 Shielding tensor (ppm): 
                  0          1          2    
      0     134.152709   0.144682   2.085230
      1      -2.035127 165.075355  10.279370
      2       0.627986  13.773083 139.510931
 P Tensor eigenvectors:
                   0          1          2    
      0      -0.769366   0.638635  -0.014855
      1      -0.242383  -0.270327   0.931759
      2       0.591038   0.720464   0.362774
 P Eigenvalues: 
                  0          1          2    
      0     132.809171 136.083996 169.845829
P(iso)  146.246332
 Nucleus: 2 C  
 Shielding tensor (ppm): 
                  0          1          2    
      0     173.733073   1.491583  11.487366
      1      -0.655291 170.498353   1.015921
      2      10.564290   3.352188 180.935719
 P Tensor eigenvectors:
                   0          1          2    
      0       0.784325   0.222972   0.578894
      1       0.194450  -0.974509   0.111896
      2      -0.589087  -0.024804   0.807689
 P Eigenvalues: 
                  0          1          2    
      0     165.548788 170.467503 189.150854
P(iso)  175.055715
 Nucleus: 12 C  
 Shielding tensor (ppm): 
                  0          1          2    
      0      30.616925  -2.501730 -15.822632
      1      -3.336028 157.326841  64.398308
      2     -16.369184  68.813851 -49.498396
 P Tensor eigenvectors:
                   0          1          2    
      0       0.988376  -0.142092  -0.054059
      1       0.089295   0.254802   0.962861
      2      -0.123041  -0.956497   0.264529
 P Eigenvalues: 
                  0          1          2    
      0      32.350440 -71.082875 177.177805
P(iso)  46.148457
 Nucleus: 13 C  
 Shielding tensor (ppm): 
                  0          1          2    
      0     -31.686225 -21.499661  46.004555
      1     -17.657213 160.271091  51.826210
      2      47.217133  54.658356   9.568814
 P Tensor eigenvectors:
                   0          1          2    
      0      -0.617019   0.786934   0.004662
      1       0.220294   0.178409  -0.958979
      2      -0.755485  -0.590682  -0.283439
 P Eigenvalues: 
                  0          1          2    
      0      32.231498 -71.233331 177.155514
P(iso)  46.051227
 Nucleus: 15 C  
 Shielding tensor (ppm): 
                  0          1          2    
      0     -57.179633   4.620708 -35.905539
      1       9.315136 160.892923  49.194342
      2     -34.348206  47.315425  34.341135
 P Tensor eigenvectors:
                   0          1          2    
      0      -0.367858   0.929878   0.002783
      1      -0.308568  -0.124891   0.942968
      2       0.877193   0.346019   0.332872
 P Eigenvalues: 
                  0          1          2    
      0      32.134964 -71.214066 177.133527
P(iso)  46.018142
 Nucleus: 17 C  
 Shielding tensor (ppm): 
                  0          1          2    
      0      30.286987  -1.083743 -16.294588
      1      -0.487706 148.391041  81.110880
      2     -15.755151  76.509198 -40.505268
 P Tensor eigenvectors:
                   0          1          2    
      0       0.988806  -0.144003  -0.039059
      1       0.088392   0.354459   0.930885
      2      -0.120205  -0.923917   0.363219
 P Eigenvalues: 
                  0          1          2    
      0      32.184184 -71.107100 177.095676
P(iso)  46.057587
 Nucleus: 19 C  
 Shielding tensor (ppm): 
                  0          1          2    
      0     -30.316970 -28.445467  43.239082
      1     -32.234556 153.632799  61.773133
      2      41.988016  59.037216  15.048320
 P Tensor eigenvectors:
                   0          1          2    
      0      -0.620126   0.779600  -0.087571
      1       0.219435   0.279543   0.934721
      2      -0.753188  -0.560428   0.344424
 P Eigenvalues: 
                  0          1          2    
      0      32.373187 -71.081277 177.072240
P(iso)  46.121383
 Nucleus: 21 C  
 Shielding tensor (ppm): 
                  0          1          2    
      0     -55.637414  -3.001416 -38.335268
      1      -7.739990 162.922610  42.645771
      2     -39.920465  44.500661  31.272067
 P Tensor eigenvectors:
                   0          1          2    
      0      -0.371085   0.923605  -0.096179
      1      -0.308286  -0.024834   0.950970
      2       0.875931   0.382541   0.293950
 P Eigenvalues: 
                  0          1          2    
      0      32.491399 -71.015068 177.080932
P(iso)  46.185754
 Nucleus: 8 F  
 Shielding tensor (ppm): 
                  0          1          2    
      0     304.338544  26.111380 -35.399985
      1      13.271036 207.761568 -61.399880
      2     -18.957437 -56.469788 273.341830
 P Tensor eigenvectors:
                   0          1          2    
      0       0.029655  -0.736874  -0.675379
      1      -0.867198   0.317046  -0.383991
      2      -0.497080  -0.597074   0.629614
 P Eigenvalues: 
                  0          1          2    
      0     173.029432 272.777059 339.635451
P(iso)  261.813981
 Nucleus: 9 F  
 Shielding tensor (ppm): 
                  0          1          2    
      0     317.041817  -8.344047 -24.927500
      1      -4.309702 196.919898 -41.851635
      2     -43.589049 -35.934120 284.065751
 P Tensor eigenvectors:
                   0          1          2    
      0      -0.134383   0.558727  -0.818392
      1      -0.914573  -0.387842  -0.114609
      2      -0.381442   0.733077   0.563116
 P Eigenvalues: 
                  0          1          2    
      0     179.565345 278.045722 340.416399
P(iso)  266.009155
 Nucleus: 10 F  
 Shielding tensor (ppm): 
                  0          1          2    
      0     284.336425  17.699424  42.025543
      1      18.452968 159.686520 -15.400913
      2      41.933065 -17.862872 303.796760
 P Tensor eigenvectors:
                   0          1          2    
      0      -0.184436  -0.762764   0.619819
      1       0.969479  -0.244838  -0.012821
      2       0.161535   0.598536   0.784640
 P Eigenvalues: 
                  0          1          2    
      0     153.512107 257.131381 337.176217
P(iso)  249.273235
# -------------------------------------------------------------
----------------------- !GEOMETRIES! ------------------------
# -------------------------------------------------------------
------------------------ !GEOMETRY! -------------------------
    Number of atoms:    23 
    Geometry Index:     1 
    Coordinates:
               0 C     -2.598351000000    0.884059000000    1.085800000000
               1 C     -2.665769000000    2.270910000000    1.587320000000
               2 C     -1.778420000000    2.397030000000    2.814410000000
               3 H     -3.704272000000    2.510719000000    1.828566000000
               4 H     -2.339358000000    2.951068000000    0.796194000000
               5 H     -2.110330000000    1.742989000000    3.620683000000
               6 H     -0.739180000000    2.160654000000    2.583635000000
               7 H     -1.798360000000    3.419775000000    3.198868000000
               8 F     -3.058540000000    0.184425000000    2.138736000000
               9 F     -1.306018000000    0.743549000000    0.769943000000
              10 F     -3.437739000000    0.912349000000    0.020896000000
              11 H     -2.033493000000   -4.231823000000    1.730176000000
              12 C     -2.187972000000   -3.933451000000    0.699726000000
              13 C     -3.483462000000   -3.828721000000    0.190057000000
              14 H     -4.334903000000   -4.048338000000    0.823145000000
              15 C     -3.683851000000   -3.405831000000   -1.125033000000
              16 H     -4.690407000000   -3.298034000000   -1.510840000000
              17 C     -2.588982000000   -3.083900000000   -1.928654000000
              18 H     -2.745201000000   -2.723345000000   -2.938607000000
              19 C     -1.293622000000   -3.190901000000   -1.419633000000
              20 H     -0.445914000000   -2.911515000000   -2.034328000000
              21 C     -1.093001000000   -3.617681000000   -0.106133000000
              22 H     -0.089104000000   -3.670736000000    0.299361000000
