-------------------------------------------------------------
----------------------- !PROPERTIES! ------------------------
-------------------------------------------------------------
# -----------------------------------------------------------
$ PAL_Flags
   description: The PAL Flags
   geom. index: 1
   prop. index: 1
        Diskflag:     2
# -----------------------------------------------------------
$ SCF_Energy
   description: The SCF energy
   geom. index: 1
   prop. index: 1
        SCF Energy:     -648.6427483533
# -----------------------------------------------------------
$ DFT_Energy
   description: The DFT energy
   geom. index: 1
   prop. index: 1
   Number of Alpha Electrons                 45.9999830773 
   Number of Beta  Electrons                 45.9999830773 
   Total number of  Electrons                91.9999661546 
   Exchange energy                          -60.4322647774 
   Correlation energy                        -3.0767832741 
   Correlation energy NL                      0.0000000000 
   Exchange-Correlation energy              -63.5090480514 
   Embedding correction                       0.0000000000 
   Total DFT Energy (No VdW correction)    -648.6427483533 
# -----------------------------------------------------------
$ Mayer_Pop
   description: The Mayer population analysis
   geom. index: 1
   prop. index: 1
     Number of atoms                     : 23
     Threshold for printing              : 0.1000000
     Number of bond orders printed       : 22
  NA   - Mulliken gross atomic population
  ZA   - Total nuclear charge
  QA   - Mulliken gross atomic charge
  VA   - Mayer's total valence
  BVA  - Mayer's bonded valence
  FA   - Mayer's free valence
  ATOM       NA         ZA         QA         VA         BVA        FA
  0   0     5.2952     6.0000     0.7048     4.0435     4.0435    -0.0000
  1   0     6.0789     6.0000    -0.0789     3.9898     3.9898    -0.0000
  2   0     6.1083     6.0000    -0.1083     3.9570     3.9570    -0.0000
  3   0     0.9611     1.0000     0.0389     1.0275     1.0275    -0.0000
  4   0     0.9618     1.0000     0.0382     1.0271     1.0271    -0.0000
  5   0     0.9544     1.0000     0.0456     1.0197     1.0197    -0.0000
  6   0     0.9557     1.0000     0.0443     1.0205     1.0205    -0.0000
  7   0     0.9654     1.0000     0.0346     1.0141     1.0141    -0.0000
  8   0     9.2395     9.0000    -0.2395     1.0356     1.0356    -0.0000
  9   0     9.2355     9.0000    -0.2355     1.0446     1.0446    -0.0000
 10   0     9.2441     9.0000    -0.2441     1.0293     1.0293     0.0000
 11   0     0.9741     1.0000     0.0259     1.0220     1.0220    -0.0000
 12   0     6.0263     6.0000    -0.0263     3.8842     3.8842     0.0000
 13   0     6.0261     6.0000    -0.0261     3.8844     3.8844    -0.0000
 14   0     0.9743     1.0000     0.0257     1.0221     1.0221     0.0000
 15   0     6.0250     6.0000    -0.0250     3.8843     3.8843    -0.0000
 16   0     0.9743     1.0000     0.0257     1.0220     1.0220    -0.0000
 17   0     6.0257     6.0000    -0.0257     3.8843     3.8843    -0.0000
 18   0     0.9743     1.0000     0.0257     1.0220     1.0220    -0.0000
 19   0     6.0258     6.0000    -0.0258     3.8843     3.8843    -0.0000
 20   0     0.9742     1.0000     0.0258     1.0220     1.0220     0.0000
 21   0     6.0260     6.0000    -0.0260     3.8844     3.8844    -0.0000
 22   0     0.9741     1.0000     0.0259     1.0219     1.0219    -0.0000
      Bond orders larger than 0.1000000
           Atom A     A.N. of A          Atom B    A.N. of B              Bond order
                0             6               1            6                1.009600
                0             6               8            9                1.002811
                0             6               9            9                1.011507
                0             6              10            9                1.002873
                1             6               2            6                0.967561
                1             6               3            1                0.999491
                1             6               4            1                0.999182
                2             6               5            1                1.000346
                2             6               6            1                1.000529
                2             6               7            1                0.995262
               11             1              12            6                1.022246
               12             6              13            6                1.415286
               12             6              21            6                1.415797
               13             6              14            1                1.022407
               13             6              15            6                1.415686
               15             6              16            1                1.022305
               15             6              17            6                1.415467
               17             6              18            1                1.022360
               17             6              19            6                1.415425
               19             6              20            1                1.022264
               19             6              21            6                1.415637
               21             6              22            1                1.022101
# -----------------------------------------------------------
$ Calculation_Info
   description: Details of the calculation
   geom. index: 1
   prop. index: 1
     Multiplicity:                          1
     Charge:                                0
     number of atoms:                       23
     number of electrons:                   0
     number of frozen core electrons:       1
     number of correlated electrons:        0
     number of basis functions:             586
     number of aux C basis functions:       0
     number of aux J basis functions:       0
     number of aux JK basis functions:      2932
     number of aux CABS basis functions:    0
     Total Energy                           -648.642748
# -----------------------------------------------------------
$ SCF_Electric_Properties
   description: The SCF Calculated Electric Properties
   geom. index: 1
   prop. index: 1
       Filename                          : run_all_displaced_distances_job14.scfp 
       Do Dipole Moment Calculation      : true 
       Do Quadrupole Moment Calculation  : false 
       Do Polarizability Calculation     : false 
** Dipole moment part of electric properties **
        Magnitude of dipole moment (Debye) :        1.3496530313
        Electronic Contribution:
                  0    
      0      -2.084529
      1       5.546167
      2      -0.061853
        Nuclear Contribution:
                  0    
      0       2.124114
      1      -5.070287
      2       0.294050
        Total Dipole moment:
                  0    
      0       0.039585
      1       0.475879
      2       0.232197
# -----------------------------------------------------------
$ EPRNMR_OrbitalShielding
   description: Orbital contribution to the NMR Shielding tensor (ppm)
   geom. index: 1
   prop. index: 1
 Number of stored nuclei 23
 Source density: 1 SCF 
 Nucleus: 3 H  
 Shielding tensor (ppm): 
                  0          1          2    
      0      32.851768  -2.029816   0.784635
      1      -3.271479  28.982206   1.779734
      2       0.123310   1.618492  27.551381
 P Tensor eigenvectors:
                   0          1          2    
      0      -0.284462   0.361753  -0.887815
      1      -0.638817   0.618995   0.456900
      2       0.714838   0.697123   0.055013
 P Eigenvalues: 
                  0          1          2    
      0      25.864407  29.301520  34.219429
P(iso)  29.795119
 Nucleus: 4 H  
 Shielding tensor (ppm): 
                  0          1          2    
      0      26.229488   0.775624   0.410925
      1       1.120468  32.063235  -3.295689
      2       0.690593  -1.946590  31.182947
 P Tensor eigenvectors:
                   0          1          2    
      0       0.946767   0.318341  -0.047871
      1      -0.240859   0.601825  -0.761442
      2      -0.213588   0.732438   0.646463
 P Eigenvalues: 
                  0          1          2    
      0      25.869084  29.309098  34.297488
P(iso)  29.825224
 Nucleus: 5 H  
 Shielding tensor (ppm): 
                  0          1          2    
      0      26.841997   1.568449  -0.098761
      1       2.302420  29.531995  -1.383704
      2      -0.596716  -2.439385  35.060636
 P Tensor eigenvectors:
                   0          1          2    
      0       0.868735   0.482481  -0.111854
      1      -0.490502   0.806847  -0.329250
      2      -0.068608   0.340896   0.937594
 P Eigenvalues: 
                  0          1          2    
      0      25.791230  29.889231  35.754167
P(iso)  30.478209
 Nucleus: 6 H  
 Shielding tensor (ppm): 
                  0          1          2    
      0      35.669537  -0.406754   0.299062
      1       0.172148  27.463403   2.361252
      2       1.329766   1.648364  28.386103
 P Tensor eigenvectors:
                   0          1          2    
      0       0.059918   0.087467  -0.994364
      1       0.779498  -0.626352  -0.008125
      2      -0.623533  -0.774618  -0.105710
 P Eigenvalues: 
                  0          1          2    
      0      25.830949  29.927728  35.760367
P(iso)  30.506348
 Nucleus: 7 H  
 Shielding tensor (ppm): 
                  0          1          2    
      0      26.996163   1.072775   1.470745
      1       0.786251  35.060782   4.620232
      2       1.365604   4.925556  30.034791
 P Tensor eigenvectors:
                   0          1          2    
      0      -0.782046   0.608626   0.134084
      1      -0.230744  -0.482624   0.844885
      2       0.578931   0.629800   0.517871
 P Eigenvalues: 
                  0          1          2    
      0      26.220110  27.719526  38.152101
P(iso)  30.697246
 Nucleus: 11 H  
 Shielding tensor (ppm): 
                  0          1          2    
      0      26.867719   0.395616  -0.469399
      1       0.405932  21.557649  -0.688502
      2      -0.457633  -0.855520  22.701497
 P Tensor eigenvectors:
                   0          1          2    
      0      -0.026886   0.151428  -0.988103
      1       0.895669  -0.435294  -0.091081
      2       0.443908   0.887462   0.123926
 P Eigenvalues: 
                  0          1          2    
      0      21.164755  22.999344  26.962766
P(iso)  23.708955
 Nucleus: 14 H  
 Shielding tensor (ppm): 
                  0          1          2    
      0      24.498857  -0.163838   1.999225
      1      -0.270682  21.631036  -1.268978
      2       1.963226  -1.336354  24.995786
 P Tensor eigenvectors:
                   0          1          2    
      0      -0.171312  -0.765113   0.620689
      1       0.904419  -0.371991  -0.208924
      2       0.390741   0.525571   0.755709
 P Eigenvalues: 
                  0          1          2    
      0      21.110300  23.031585  26.983793
P(iso)  23.708559
 Nucleus: 16 H  
 Shielding tensor (ppm): 
                  0          1          2    
      0      23.527706   0.852023  -1.142827
      1       0.756017  21.596159  -1.536276
      2      -1.174651  -1.497848  26.003493
 P Tensor eigenvectors:
                   0          1          2    
      0       0.193948   0.911053  -0.363821
      1      -0.949944   0.081819  -0.301516
      2      -0.244930   0.404088   0.881318
 P Eigenvalues: 
                  0          1          2    
      0      21.041090  23.085421  27.000847
P(iso)  23.709119
 Nucleus: 18 H  
 Shielding tensor (ppm): 
                  0          1          2    
      0      26.903650   0.498674  -0.427540
      1       0.459076  21.120566  -0.472525
      2      -0.446813  -0.303668  23.102826
 P Tensor eigenvectors:
                   0          1          2    
      0       0.067934   0.132566  -0.988843
      1      -0.983574  -0.157235  -0.088651
      2      -0.167233   0.978623   0.119707
 P Eigenvalues: 
                  0          1          2    
      0      21.020959  23.106655  26.999430
P(iso)  23.709014
 Nucleus: 20 H  
 Shielding tensor (ppm): 
                  0          1          2    
      0      24.544348  -0.700322   1.784690
      1      -0.581345  21.336740  -1.109739
      2       1.814797  -1.001712  25.246605
 P Tensor eigenvectors:
                   0          1          2    
      0       0.068602  -0.786283   0.614046
      1       0.974118  -0.080086  -0.211380
      2       0.215381   0.612654   0.760438
 P Eigenvalues: 
                  0          1          2    
      0      21.057750  23.076312  26.993631
P(iso)  23.709231
 Nucleus: 22 H  
 Shielding tensor (ppm): 
                  0          1          2    
      0      23.561166   0.219285  -1.385436
      1       0.324941  21.741992  -1.645103
      2      -1.345371  -1.690504  25.816565
 P Tensor eigenvectors:
                   0          1          2    
      0      -0.098551   0.921671  -0.375248
      1      -0.928152  -0.221136  -0.299388
      2      -0.358918   0.318782   0.877243
 P Eigenvalues: 
                  0          1          2    
      0      21.126551  23.023280  26.969892
P(iso)  23.706574
 Nucleus: 0 C  
 Shielding tensor (ppm): 
                  0          1          2    
      0      50.420489  -0.916406   4.512371
      1      -0.868536  45.364545  -1.984184
      2       4.402545  -1.734224  51.507854
 P Tensor eigenvectors:
                   0          1          2    
      0      -0.120808  -0.756847   0.642330
      1       0.933407  -0.306847  -0.186000
      2       0.337871   0.577085   0.743516
 P Eigenvalues: 
                  0          1          2    
      0      44.804347  46.656759  55.831783
P(iso)  49.097629
 Nucleus: 1 C  
 Shielding tensor (ppm): 
                  0          1          2    
      0     134.225542   0.163731   2.101552
      1      -2.014870 164.682576  10.087788
      2       0.644484  13.605761 139.523881
 P Tensor eigenvectors:
                   0          1          2    
      0      -0.769812   0.638110  -0.014317
      1      -0.241935  -0.270964   0.931690
      2       0.590641   0.720690   0.362973
 P Eigenvalues: 
                  0          1          2    
      0     132.877561 136.169684 169.384753
P(iso)  146.144000
 Nucleus: 2 C  
 Shielding tensor (ppm): 
                  0          1          2    
      0     173.817350   1.492671  11.482977
      1      -0.722002 170.275082   0.790056
      2      10.533621   3.219876 180.924706
 P Tensor eigenvectors:
                   0          1          2    
      0       0.784956   0.213964   0.581432
      1       0.190382  -0.976368   0.102275
      2      -0.589575  -0.030413   0.807141
 P Eigenvalues: 
                  0          1          2    
      0     165.635473 170.261905 189.119761
P(iso)  175.005713
 Nucleus: 12 C  
 Shielding tensor (ppm): 
                  0          1          2    
      0      30.844992  -2.437793 -15.815500
      1      -3.251461 156.913427  64.280990
      2     -16.359383  68.791409 -49.399935
 P Tensor eigenvectors:
                   0          1          2    
      0       0.988406  -0.141986  -0.053800
      1       0.088997   0.254673   0.962923
      2      -0.123020  -0.956547   0.264357
 P Eigenvalues: 
                  0          1          2    
      0      32.583967 -70.982525 176.757043
P(iso)  46.119495
 Nucleus: 13 C  
 Shielding tensor (ppm): 
                  0          1          2    
      0     -31.474264 -21.641250  46.056969
      1     -17.743748 159.903786  51.643485
      2      47.268052  54.540482   9.744154
 P Tensor eigenvectors:
                   0          1          2    
      0      -0.617282   0.786727   0.004858
      1       0.219891   0.178453  -0.959063
      2      -0.755388  -0.590944  -0.283150
 P Eigenvalues: 
                  0          1          2    
      0      32.523651 -71.100670 176.750696
P(iso)  46.057892
 Nucleus: 15 C  
 Shielding tensor (ppm): 
                  0          1          2    
      0     -56.962459   4.530935 -36.021026
      1       9.271391 160.615213  48.942069
      2     -34.443483  47.033236  34.564818
 P Tensor eigenvectors:
                   0          1          2    
      0      -0.368034   0.929809   0.002643
      1      -0.308494  -0.124787   0.943006
      2       0.877145   0.346242   0.332766
 P Eigenvalues: 
                  0          1          2    
      0      32.507594 -71.035255 176.745233
P(iso)  46.072524
 Nucleus: 17 C  
 Shielding tensor (ppm): 
                  0          1          2    
      0      30.608362  -1.054589 -16.316932
      1      -0.429497 148.178867  80.854191
      2     -15.761388  76.203116 -40.506135
 P Tensor eigenvectors:
                   0          1          2    
      0       0.988814  -0.144004  -0.038849
      1       0.088161   0.354199   0.931005
      2      -0.120308  -0.924016   0.362932
 P Eigenvalues: 
                  0          1          2    
      0      32.513760 -70.954893 176.722226
P(iso)  46.093698
 Nucleus: 19 C  
 Shielding tensor (ppm): 
                  0          1          2    
      0     -30.172126 -28.329334  43.349902
      1     -32.177434 153.409272  61.518310
      2      42.096444  58.754380  15.133461
 P Tensor eigenvectors:
                   0          1          2    
      0      -0.619867   0.779801  -0.087606
      1       0.219224   0.279287   0.934847
      2      -0.753462  -0.560276   0.344072
 P Eigenvalues: 
                  0          1          2    
      0      32.634262 -70.960215 176.696560
P(iso)  46.123536
 Nucleus: 21 C  
 Shielding tensor (ppm): 
                  0          1          2    
      0     -55.560384  -2.820474 -38.306918
      1      -7.634664 162.585773  42.487987
      2     -39.924664  44.364383  31.433365
 P Tensor eigenvectors:
                   0          1          2    
      0      -0.370885   0.923685  -0.096183
      1      -0.308221  -0.024732   0.950993
      2       0.876039   0.382354   0.293872
 P Eigenvalues: 
                  0          1          2    
      0      32.698088 -70.920808 176.681474
P(iso)  46.152918
 Nucleus: 8 F  
 Shielding tensor (ppm): 
                  0          1          2    
      0     304.788747  26.107844 -35.385276
      1      13.499206 206.804354 -62.199960
      2     -18.695991 -56.799907 273.297473
 P Tensor eigenvectors:
                   0          1          2    
      0      -0.030621  -0.735700   0.676615
      1       0.867970   0.316122   0.383008
      2       0.495672  -0.599010  -0.628886
 P Eigenvalues: 
                  0          1          2    
      0     171.804021 273.186633 339.899921
P(iso)  261.630191
 Nucleus: 9 F  
 Shielding tensor (ppm): 
                  0          1          2    
      0     317.190594  -8.256068 -24.735337
      1      -4.573871 195.865065 -42.315213
      2     -43.669772 -36.515359 284.409636
 P Tensor eigenvectors:
                   0          1          2    
      0      -0.132751   0.560933  -0.817148
      1      -0.915336  -0.385619  -0.116006
      2      -0.380179   0.732566   0.564634
 P Eigenvalues: 
                  0          1          2    
      0     178.357321 278.492372 340.615602
P(iso)  265.821765
 Nucleus: 10 F  
 Shielding tensor (ppm): 
                  0          1          2    
      0     284.523663  17.814922  41.773077
      1      18.833508 158.521215 -15.674670
      2      41.760447 -18.323598 303.761956
 P Tensor eigenvectors:
                   0          1          2    
      0      -0.183867  -0.762567   0.620229
      1       0.969437  -0.244952  -0.013777
      2       0.162432   0.598740   0.784300
 P Eigenvalues: 
                  0          1          2    
      0     152.232121 257.552278 337.022436
P(iso)  248.935611
# -------------------------------------------------------------
----------------------- !GEOMETRIES! ------------------------
# -------------------------------------------------------------
------------------------ !GEOMETRY! -------------------------
    Number of atoms:    23 
    Geometry Index:     1 
    Coordinates:
               0 C     -2.598351000000    0.884059000000    1.085800000000
               1 C     -2.665769000000    2.270910000000    1.587320000000
               2 C     -1.778420000000    2.397030000000    2.814410000000
               3 H     -3.704272000000    2.510719000000    1.828566000000
               4 H     -2.339358000000    2.951068000000    0.796194000000
               5 H     -2.110330000000    1.742989000000    3.620683000000
               6 H     -0.739180000000    2.160654000000    2.583635000000
               7 H     -1.798360000000    3.419775000000    3.198868000000
               8 F     -3.058540000000    0.184425000000    2.138736000000
               9 F     -1.306018000000    0.743549000000    0.769943000000
              10 F     -3.437739000000    0.912349000000    0.020896000000
              11 H     -2.047894000000   -5.365979000000    1.204836000000
              12 C     -2.202373000000   -5.067607000000    0.174386000000
              13 C     -3.497863000000   -4.962877000000   -0.335283000000
              14 H     -4.349304000000   -5.182494000000    0.297804000000
              15 C     -3.698252000000   -4.539987000000   -1.650373000000
              16 H     -4.704808000000   -4.432190000000   -2.036181000000
              17 C     -2.603383000000   -4.218056000000   -2.453995000000
              18 H     -2.759602000000   -3.857501000000   -3.463948000000
              19 C     -1.308023000000   -4.325057000000   -1.944973000000
              20 H     -0.460315000000   -4.045671000000   -2.559669000000
              21 C     -1.107403000000   -4.751837000000   -0.631473000000
              22 H     -0.103505000000   -4.804892000000   -0.225979000000
